10 5 2
0 0 0 0 0 0 0 0 0 0
0 0 0 0 7 6 0 0 0 0
0 0 0 0 0 0 0 0 2 0
1 0 0 0 4 0 0 0 0 0
0 10 0 0 0 0 0 0 0 0
0 0 0 0 0 0 0 0 0 0
0 0 0 0 0 0 0 0 10 0
0 0 0 0 0 0 0 0 0 0
0 0 0 0 0 0 0 0 0 0
0 0 0 0 0 0 0 0 0 0
10 5 2
0 0 0 0 0 0 0 0 0 0
0 5 0 0 0 0 3 0 0 0
0 0 0 0 0 0 0 0 0 0
0 0 0 0 0 0 9 0 0 0
0 0 2 0 0 10 0 0 0 0
0 0 0 0 0 0 0 0 0 0
0 0 0 0 0 0 0 0 0 0
0 0 0 0 0 0 0 0 0 0
0 0 0 0 0 0 0 0 0 0
0 0 7 0 0 0 2 0 0 0
10 5 2
0 0 0 0 0 0 0 0 0 0
0 0 0 0 0 0 0 0 0 0
0 0 0 0 0 0 0 0 0 0
0 0 0 6 0 0 0 0 0 0
0 0 0 0 0 0 0 0 4 0
0 0 0 0 0 0 0 0 0 0
0 8 0 0 0 0 0 0 0 0
0 0 0 0 0 9 0 0 0 0
0 0 0 0 0 0 0 5 6 0
0 0 0 0 0 0 0 7 0 0
10 5 2
0 0 0 0 0 0 2 0 0 0
0 0 0 0 0 0 0 6 0 0
0 0 0 0 0 0 0 0 0 0
0 0 0 0 0 0 0 4 0 0
9 0 0 0 0 6 0 0 0 0
0 0 0 0 0 0 0 0 0 0
0 0 0 0 0 0 0 0 0 0
0 0 0 0 0 0 0 0 0 0
0 0 0 0 1 0 6 0 0 0
0 0 0 0 0 0 0 0 0 0
10 5 2
0 0 0 0 0 0 0 0 0 0
0 0 0 0 0 0 0 0 0 0
0 0 0 2 0 0 0 0 0 0
0 0 0 0 0 0 0 0 0 0
0 6 0 0 0 0 0 0 0 0
0 0 0 0 0 0 0 0 0 4
0 0 0 0 6 0 0 3 10 0
0 0 2 0 0 0 0 0 0 0
0 0 0 0 0 0 0 0 0 0
0 0 0 0 0 0 0 0 0 0
10 5 2
0 0 0 0 0 0 0 0 0 0
0 0 0 0 0 0 7 0 9 0
0 0 0 0 0 0 0 0 0 0
0 0 0 0 0 0 2 0 6 0
0 0 0 0 0 0 0 0 0 0
0 0 0 0 0 0 0 0 0 0
0 0 0 0 0 0 0 0 0 0
0 0 0 0 0 0 0 0 0 0
0 0 0 3 0 0 0 0 0 0
2 1 0 0 0 0 0 0 0 0
10 5 2
0 0 0 0 0 0 0 8 0 0
0 0 0 0 0 0 0 0 0 0
0 0 0 0 0 0 0 0 0 0
0 0 0 0 0 0 0 0 0 0
0 0 0 0 0 3 0 0 0 0
0 0 0 0 0 0 0 0 0 0
0 0 0 0 10 0 0 4 0 0
0 0 0 0 0 0 0 0 0 0
0 2 10 0 0 0 0 0 0 0
0 8 0 0 0 0 0 0 0 0
10 5 2
0 0 0 0 0 0 0 0 5 6
0 0 0 0 0 0 0 0 0 0
0 0 0 0 0 0 0 0 0 0
0 9 0 8 0 0 0 0 0 0
0 0 0 10 6 0 0 0 0 0
0 0 0 0 0 0 0 0 0 0
0 0 0 0 0 0 0 0 0 0
0 0 0 0 0 0 0 0 0 0
0 0 0 0 0 0 0 0 0 0
0 0 0 0 0 5 0 0 0 0
10 5 2
0 0 0 0 0 0 0 0 0 0
0 0 0 0 0 0 0 0 0 0
0 0 0 0 0 0 0 0 0 0
0 0 0 0 0 0 0 0 0 7
0 0 0 0 0 0 0 4 0 0
0 0 0 0 0 7 0 0 0 0
0 0 0 0 0 2 0 0 0 0
0 8 0 0 1 0 4 0 0 0
0 0 0 0 0 0 0 0 0 0
0 0 0 0 0 0 0 0 0 0
10 5 2
0 0 0 0 0 0 0 0 0 0
0 0 0 0 0 0 0 0 0 0
0 0 0 0 0 0 6 0 0 0
0 0 0 0 0 0 0 0 0 0
0 0 0 0 0 0 0 3 0 0
0 0 0 0 0 0 0 7 0 0
0 0 10 0 0 0 0 0 9 0
0 0 0 0 0 0 0 0 0 0
0 0 0 0 0 2 0 0 0 0
0 0 0 5 0 0 0 0 0 0
10 5 2
0 0 0 0 0 0 0 0 0 0
0 0 0 0 0 0 0 10 0 1
0 2 0 0 0 0 0 0 0 0
0 0 0 0 0 0 1 6 0 0
0 0 0 0 0 0 0 0 0 0
0 0 0 4 0 0 0 0 0 0
0 0 0 0 0 0 0 0 0 0
0 0 0 0 0 0 0 0 0 0
0 0 0 0 0 0 0 1 0 0
0 0 0 0 0 0 0 0 0 0
10 5 2
0 0 0 0 0 0 0 0 0 0
0 0 0 0 0 0 0 0 0 0
0 0 3 0 0 0 0 0 0 0
0 0 0 0 0 0 0 0 0 0
0 0 0 0 0 0 0 10 0 0
0 0 0 0 10 0 0 0 0 3
0 0 0 0 0 0 0 0 0 8
0 0 0 0 8 0 0 0 0 0
0 0 0 0 0 2 0 0 0 0
0 0 0 0 0 0 0 0 0 0
10 5 2
0 0 0 0 0 0 0 0 0 0
0 0 0 0 0 10 0 0 0 9
0 0 0 0 0 4 0 2 0 0
0 0 0 0 0 0 0 0 0 0
0 0 0 0 1 0 0 0 0 0
0 0 0 0 5 0 0 0 0 0
0 0 0 0 0 0 0 0 0 6
0 0 0 0 0 0 0 0 0 0
0 0 0 0 0 0 0 0 0 0
0 0 0 0 0 0 0 0 0 0
10 5 2
0 2 9 0 0 0 0 0 0 0
0 0 0 0 0 0 0 0 0 0
0 0 0 0 0 0 0 0 0 0
0 0 0 0 0 3 0 0 0 0
0 0 0 0 0 0 0 0 0 1
0 0 5 0 0 0 0 0 0 0
0 0 0 0 0 0 0 0 0 0
0 0 0 0 0 0 0 0 0 0
0 0 0 0 0 0 0 0 0 0
0 0 10 0 0 0 8 0 0 0
10 5 2
0 0 0 0 6 0 0 0 0 0
9 0 0 0 0 0 0 0 0 0
0 0 0 0 0 0 0 9 0 0
0 0 5 0 0 0 0 0 0 0
0 0 0 0 0 0 0 0 0 0
0 0 0 0 0 0 0 0 0 0
0 0 0 0 0 0 0 0 0 0
0 0 0 0 0 0 0 0 0 0
0 0 0 0 0 0 0 7 0 0
0 0 0 5 3 0 0 0 0 0
10 5 2
0 0 0 0 0 0 0 0 0 0
0 0 0 0 0 0 0 10 0 0
0 0 0 0 0 0 0 0 0 0
0 0 0 0 0 0 0 0 0 8
0 0 0 0 0 0 0 0 2 0
9 0 0 0 0 0 0 0 0 0
0 0 0 0 0 0 0 0 0 0
5 0 0 0 0 0 0 9 0 0
0 0 0 0 0 0 0 0 0 0
0 10 0 0 0 0 0 0 0 0
10 5 2
0 0 0 0 0 0 0 0 0 0
0 4 0 1 0 0 0 0 0 0
0 6 0 0 9 2 0 0 0 0
0 0 0 0 0 0 0 0 0 0
0 0 0 0 0 0 0 0 0 0
3 0 0 0 0 0 4 0 0 0
0 0 0 0 0 0 0 0 0 0
0 0 0 0 0 0 0 0 0 0
0 0 0 0 0 0 0 0 0 0
0 0 0 0 0 0 0 0 0 0
10 5 2
0 0 9 0 0 0 0 7 0 0
0 0 0 0 0 0 0 0 6 0
0 0 0 0 0 0 0 0 0 0
0 0 0 0 0 0 0 0 0 0
0 0 0 0 0 3 0 0 0 0
0 0 0 0 0 0 0 0 0 0
0 0 0 0 0 0 4 0 0 0
0 4 0 0 0 0 0 0 0 0
0 0 0 0 0 0 0 10 0 0
0 0 0 0 0 0 0 0 0 0
10 5 2
3 0 0 8 0 0 0 0 0 0
0 0 0 0 6 0 0 0 0 0
0 0 0 0 0 0 0 0 0 0
9 0 0 0 0 0 0 0 0 1
0 0 0 0 0 0 0 0 0 0
0 0 0 0 0 0 8 0 0 0
0 0 0 0 0 0 0 0 0 0
0 0 0 0 0 0 0 0 6 0
0 0 0 0 0 0 0 0 0 0
0 0 0 0 0 0 0 0 0 0
10 5 2
3 0 0 0 6 0 0 0 0 0
0 0 0 0 0 0 0 0 0 0
0 0 0 0 0 0 0 0 0 0
0 0 0 0 0 0 0 0 0 0
0 8 0 0 0 0 6 0 0 0
0 0 0 0 0 0 0 0 0 0
0 0 5 0 0 0 0 0 0 0
0 0 0 4 0 0 0 0 0 0
0 0 0 0 0 0 0 0 0 0
0 9 0 0 0 0 0 0 0 0
10 5 2
0 0 0 0 0 10 0 0 0 0
0 0 0 0 2 0 0 0 0 0
0 0 0 1 0 0 0 0 5 0
0 9 0 0 0 0 0 0 0 0
0 0 0 0 0 0 0 0 0 0
0 0 0 0 0 0 0 0 0 0
0 0 0 0 0 0 0 0 0 0
0 0 0 0 0 0 0 0 0 0
0 0 0 0 0 0 0 8 0 0
0 0 0 0 0 9 0 0 0 0
10 5 2
0 0 0 0 0 0 0 0 0 0
0 0 0 0 0 0 0 0 0 0
0 0 0 0 0 0 0 0 0 0
0 0 0 0 0 5 0 0 0 0
0 0 0 0 0 0 0 8 0 0
0 1 0 0 0 0 0 0 0 0
0 0 0 3 0 0 1 0 0 0
0 0 0 0 0 0 0 0 8 0
0 0 0 5 0 0 0 0 0 0
0 0 0 0 0 0 0 0 0 0
10 5 2
0 0 0 0 0 0 0 0 0 0
0 0 0 0 0 0 0 0 0 0
6 0 0 0 0 0 0 0 0 0
0 0 0 0 0 0 0 0 1 0
0 0 0 0 0 0 0 2 0 0
0 0 0 0 0 0 0 0 0 0
0 0 0 0 0 0 6 0 0 5
7 0 0 0 0 0 0 0 0 0
0 0 0 0 0 0 0 0 0 0
0 0 0 10 0 0 0 0 0 0
10 5 2
0 0 0 0 0 0 0 0 0 0
0 0 0 0 0 0 0 0 0 0
0 0 0 0 0 0 0 0 0 0
0 0 0 0 0 0 0 0 0 0
0 0 0 0 0 0 0 0 0 0
0 0 0 0 0 0 0 0 10 0
0 0 0 0 0 0 8 0 0 0
0 0 0 0 0 0 2 0 0 0
0 3 1 10 0 2 0 0 0 0
0 0 0 0 0 0 0 0 0 0
10 5 2
0 0 0 0 0 0 0 0 0 0
0 0 0 0 0 0 0 0 0 0
0 0 0 4 0 0 0 0 0 0
0 0 0 0 0 0 0 0 0 0
0 0 0 0 0 0 0 0 0 0
0 0 0 0 0 0 0 6 0 0
0 0 7 0 0 0 0 0 0 0
0 0 0 5 7 0 0 0 0 0
0 5 0 0 0 0 0 0 0 0
0 0 0 6 0 0 0 0 0 0
10 5 2
0 0 0 6 0 7 0 0 0 0
0 0 0 0 0 0 0 0 0 0
0 0 0 0 0 0 7 0 0 8
0 0 0 0 0 0 0 0 0 0
0 0 0 0 0 0 0 0 7 0
0 0 0 0 0 6 0 0 3 0
0 0 0 0 0 0 0 0 0 0
0 0 0 0 0 0 0 0 0 0
0 0 0 0 0 0 0 0 0 0
0 0 0 0 0 0 0 0 0 0
10 5 2
0 0 0 0 0 9 0 7 0 0
0 0 0 0 0 0 0 10 0 0
0 0 0 0 0 0 0 0 0 0
0 0 0 0 0 0 3 0 0 0
0 0 0 0 0 0 0 0 0 0
0 0 0 0 0 0 0 0 0 0
0 0 0 0 0 0 0 0 0 0
0 0 0 0 0 0 0 0 5 0
0 0 0 4 0 0 0 0 0 0
6 0 0 0 0 0 0 0 0 0
10 5 2
0 0 0 6 0 2 0 0 0 0
0 0 0 0 0 0 0 0 0 0
0 0 0 0 7 0 0 0 0 0
0 0 0 0 0 0 0 0 0 0
0 0 0 0 0 0 0 0 5 0
0 0 0 0 0 0 0 0 6 0
0 0 0 3 0 0 0 0 0 0
0 0 0 0 0 0 0 0 0 0
0 9 0 0 0 0 0 0 0 0
0 0 0 0 0 0 0 0 0 0
10 5 2
0 0 0 0 0 0 0 0 5 0
0 0 0 0 0 0 0 0 0 0
0 0 0 0 0 0 0 0 0 0
0 0 0 0 1 0 0 0 6 0
0 0 0 0 0 0 0 0 0 0
0 0 0 0 0 0 0 0 0 0
0 0 0 0 0 0 0 0 0 0
0 0 0 0 2 0 0 0 0 0
6 0 0 0 0 0 0 0 0 9
0 0 3 0 0 0 0 0 0 0
10 5 2
0 0 0 0 0 0 1 0 0 0
0 0 0 0 0 0 0 0 0 0
0 0 0 0 0 0 0 0 0 0
0 0 0 0 0 0 0 0 10 0
0 0 0 0 0 0 7 0 0 0
0 0 0 0 0 0 0 0 0 0
0 0 0 0 0 0 0 0 0 0
0 0 0 0 0 0 0 0 0 7
0 6 0 0 0 0 0 0 0 0
0 0 0 5 0 0 0 0 0 10
10 5 2
0 0 0 0 0 8 5 0 0 0
0 0 0 0 0 0 0 0 0 0
0 0 0 0 0 0 0 0 0 0
10 0 0 0 0 0 0 0 0 0
0 0 0 0 0 0 0 0 0 0
0 0 0 0 0 0 1 0 0 0
0 0 0 0 10 0 0 0 0 0
0 5 0 0 0 0 0 0 0 0
0 0 0 0 0 0 7 0 0 0
0 0 0 0 0 0 0 0 0 0
10 5 2
0 0 10 6 0 0 0 0 0 0
0 0 0 0 0 0 0 0 0 0
0 0 0 0 0 0 0 7 0 0
0 6 0 0 0 0 0 0 0 0
0 0 0 0 0 0 5 0 0 0
0 0 0 0 0 0 0 0 0 0
0 0 0 0 0 0 0 0 0 0
0 0 0 0 0 0 0 0 0 0
0 0 0 0 0 5 0 0 1 0
0 0 0 0 0 0 0 0 0 0
10 5 2
0 0 0 0 0 0 0 0 0 10
0 8 0 0 0 0 0 0 0 0
0 0 0 0 0 9 0 0 4 0
0 0 0 0 0 0 0 0 0 0
0 0 0 0 0 0 0 0 0 0
0 0 0 0 0 0 0 0 0 0
2 0 0 0 0 0 0 0 0 0
0 0 0 0 0 0 7 0 0 0
0 0 0 0 0 0 0 0 0 0
0 0 0 0 0 0 0 0 0 8
10 5 2
0 0 0 0 0 0 0 0 0 0
0 0 0 0 0 0 0 0 0 0
0 0 0 0 0 0 0 0 0 0
0 0 0 0 0 0 0 0 0 7
0 0 0 0 0 0 0 0 0 0
0 0 0 0 0 0 0 0 0 9
0 0 0 10 1 2 0 0 0 0
0 0 0 0 0 0 0 0 0 0
0 0 0 0 0 0 0 0 0 0
2 0 0 0 0 0 0 0 0 1
10 5 2
0 0 0 0 0 0 0 0 0 0
0 0 0 0 0 0 0 0 5 0
0 0 0 0 0 0 0 0 0 0
0 0 0 0 0 0 0 0 0 0
5 0 0 0 0 0 0 0 0 0
0 0 0 9 0 0 0 0 0 0
0 2 0 0 0 0 0 0 0 0
0 0 0 0 6 0 0 0 0 0
0 0 0 0 7 5 0 0 0 0
0 0 0 0 0 0 0 0 0 0
10 5 2
0 0 0 0 0 0 0 0 0 0
0 0 0 0 0 0 0 0 0 0
0 8 0 0 0 0 0 0 0 0
0 0 0 0 0 10 0 0 0 0
4 0 0 0 0 0 0 0 0 0
0 0 0 0 0 0 0 0 0 0
0 0 0 0 0 9 2 0 0 0
0 0 0 0 0 0 0 0 0 0
0 0 2 0 0 0 0 0 5 0
0 0 0 0 0 0 0 0 0 0
10 5 2
0 0 0 0 0 0 0 0 0 0
4 0 0 0 6 0 0 0 0 0
0 0 0 0 0 0 0 3 0 0
0 0 0 0 0 0 0 0 0 0
0 0 0 0 0 0 0 0 0 1
0 0 0 0 0 0 0 0 0 0
0 0 0 0 0 0 0 1 0 0
0 0 0 6 0 0 0 0 0 0
0 0 0 0 0 0 0 0 0 0
0 0 0 3 0 0 0 0 0 0
10 5 2
0 0 0 0 0 0 2 0 0 0
3 0 0 0 0 0 0 0 0 0
4 0 0 0 0 0 0 0 0 0
0 0 0 0 0 0 0 0 6 0
0 0 0 0 0 0 0 0 0 0
0 0 10 0 0 5 0 0 0 0
0 0 0 0 0 0 0 0 0 0
0 0 0 0 0 0 0 0 8 0
0 0 0 0 0 0 0 0 0 0
0 0 0 0 0 0 0 0 0 0
10 5 2
0 0 0 0 0 0 0 0 0 0
0 0 9 0 0 0 0 0 0 0
0 0 0 0 0 0 0 0 0 0
0 0 10 0 0 0 0 0 0 0
0 0 0 0 0 0 0 0 7 3
0 0 0 0 0 0 0 0 0 0
0 0 0 0 0 0 0 0 0 0
0 0 0 0 0 5 0 0 0 0
0 0 0 0 0 0 0 0 0 2
0 0 0 0 0 0 7 0 0 0
10 5 2
0 0 0 0 0 0 0 0 0 0
0 0 0 0 0 0 0 0 0 0
0 0 4 0 0 0 0 0 0 0
0 0 0 0 0 0 0 2 0 0
0 0 0 0 0 0 0 0 0 0
0 0 0 0 0 0 0 0 0 0
0 0 0 0 0 0 0 0 0 6
2 0 0 1 0 3 0 9 0 0
0 0 0 0 0 0 0 0 0 0
0 0 0 0 0 0 0 0 0 0
10 5 2
0 0 0 0 0 0 0 0 0 0
0 0 0 9 0 0 0 0 0 0
0 0 0 0 0 0 0 0 0 0
0 0 0 0 10 0 0 0 0 0
0 0 0 0 0 0 0 0 3 0
0 0 0 0 0 0 0 0 0 0
0 0 0 2 7 0 0 0 0 0
3 0 0 0 0 0 0 0 0 0
0 0 3 0 0 0 0 0 0 0
0 0 0 0 0 0 0 0 0 0
10 5 2
0 0 0 0 0 0 0 0 0 0
0 0 0 0 0 0 0 0 0 0
0 0 0 0 5 0 0 0 0 0
0 0 0 0 7 0 0 0 0 0
0 0 0 0 0 0 0 0 0 0
0 1 0 0 0 0 9 0 0 0
0 0 0 0 0 0 0 1 0 0
0 0 0 0 0 0 0 0 0 0
0 9 0 0 0 0 0 0 0 0
0 7 0 0 0 0 0 0 0 0
10 5 2
0 0 0 0 0 0 0 0 0 0
0 0 0 0 0 0 0 0 0 0
3 0 0 0 0 0 0 0 0 0
0 0 0 0 0 4 0 0 0 0
0 0 0 0 0 0 6 0 0 0
0 0 7 0 0 0 0 0 0 0
0 0 0 0 0 0 10 0 0 2
0 0 0 0 0 0 0 0 0 8
0 0 0 0 0 0 0 0 0 0
0 0 0 0 0 0 0 0 0 0
10 5 2
0 0 0 0 0 0 0 0 0 0
0 0 0 0 0 0 0 0 0 0
0 0 0 0 0 0 0 0 7 0
0 0 0 0 2 0 0 0 0 0
0 0 0 0 6 0 0 0 10 0
0 0 0 0 0 0 0 0 0 0
0 0 0 0 0 0 0 0 0 0
0 0 0 0 0 0 0 0 0 0
0 0 0 0 0 0 0 0 0 0
0 0 6 0 1 0 0 0 8 0
10 5 2
2 0 0 0 0 0 0 0 0 0
0 0 0 1 0 0 0 0 0 0
0 0 0 0 0 0 0 0 0 0
0 0 0 0 0 0 0 0 0 0
0 0 0 0 6 0 0 0 0 0
0 0 2 0 0 0 0 0 0 0
0 0 0 0 0 0 0 0 0 0
0 0 0 0 0 0 0 0 0 0
0 0 0 0 0 0 0 0 2 1
0 0 0 0 0 0 0 5 0 0
10 5 2
0 0 0 0 0 0 0 0 0 0
0 0 0 0 0 0 0 0 0 0
0 0 0 0 0 0 0 0 0 0
1 0 0 0 3 0 9 0 0 0
10 0 0 0 0 0 0 0 0 0
0 10 0 0 0 0 0 0 0 8
0 0 1 0 0 0 0 0 0 0
0 0 0 0 0 0 0 0 0 0
0 0 0 0 0 0 0 0 0 0
0 0 0 0 0 0 0 0 0 0
10 5 2
5 0 0 0 0 0 0 0 0 0
0 0 0 0 0 0 0 0 0 0
0 0 0 0 10 0 0 7 0 0
0 0 0 0 0 0 0 9 0 0
0 0 0 0 0 0 0 0 0 0
0 0 0 0 0 0 0 0 0 0
0 0 0 0 0 0 0 0 0 0
0 0 0 0 0 0 0 0 0 0
0 0 1 0 0 0 0 0 0 4
0 0 9 0 0 0 0 0 0 0
10 5 2
0 0 0 0 0 0 0 7 0 0
0 0 0 0 10 0 0 0 0 0
10 0 0 0 0 0 0 0 3 0
0 0 0 0 5 0 0 0 0 7
0 0 0 0 0 0 0 0 0 0
0 0 0 0 0 0 0 0 0 0
0 0 0 0 0 0 0 0 0 0
0 0 0 0 0 0 0 0 0 0
0 0 0 0 0 0 0 0 0 0
0 0 0 0 0 0 0 10 0 0
10 5 2
0 0 0 0 0 0 0 0 0 0
0 0 0 0 0 0 0 0 0 0
0 0 4 0 0 0 0 0 0 7
0 0 0 0 0 0 0 0 0 0
0 0 0 0 0 0 0 0 0 0
0 0 0 7 0 0 0 0 0 0
0 0 6 0 0 0 0 0 0 0
0 0 1 0 0 5 0 0 0 4
0 0 0 0 0 0 0 0 0 0
0 0 0 0 0 0 0 0 0 0
10 5 2
0 0 0 0 0 0 0 0 0 0
0 0 0 0 0 0 0 0 0 0
0 0 0 0 0 0 0 0 0 0
0 0 0 0 0 0 0 0 0 5
0 0 6 0 0 0 3 0 0 0
0 0 0 5 0 0 0 0 0 4
9 0 0 0 0 0 0 0 0 8
0 0 0 0 0 0 0 0 0 0
0 0 0 0 0 0 0 0 0 0
0 0 0 0 0 0 0 0 0 0
10 5 2
0 0 10 0 0 0 0 4 0 0
0 0 0 0 0 0 0 0 0 0
0 0 0 0 0 0 3 0 0 0
0 0 0 0 0 0 0 0 0 0
0 0 0 0 0 0 0 0 0 0
0 0 0 0 0 4 0 0 0 0
0 0 0 10 0 0 0 0 0 7
0 0 0 0 0 0 0 7 0 0
0 0 0 0 0 0 0 0 0 0
0 0 0 0 0 0 0 0 0 0
10 5 2
0 0 0 0 0 0 0 0 0 0
0 0 0 0 0 0 0 0 0 0
0 0 0 0 0 0 0 0 0 0
0 0 0 0 0 0 0 0 0 0
0 0 0 0 0 0 0 0 0 0
0 0 0 0 0 0 0 0 0 0
1 0 0 0 0 0 0 0 8 0
2 0 0 0 0 0 10 0 0 0
4 0 0 0 0 0 0 0 0 0
0 0 0 0 0 0 6 5 0 0
10 5 2
0 0 0 0 0 0 0 9 0 0
9 0 0 0 10 0 0 0 0 2
0 0 0 0 0 0 0 0 0 0
0 0 0 0 0 0 0 0 0 0
0 0 0 0 0 0 0 0 0 0
0 0 0 0 0 0 0 0 0 0
0 0 0 0 3 0 0 0 0 0
0 0 0 0 0 0 0 0 0 0
0 0 0 0 6 0 0 0 0 0
0 0 0 0 0 0 0 0 0 9
10 5 2
0 0 0 0 5 0 0 0 0 0
0 0 0 5 0 0 0 0 0 3
0 0 0 0 0 0 0 0 0 0
0 0 0 0 0 0 0 0 0 0
0 0 0 0 0 0 0 0 0 0
0 0 0 0 0 0 0 0 0 0
0 0 0 0 0 0 0 0 9 0
0 0 0 0 0 0 0 0 0 0
5 0 0 9 0 0 0 0 0 0
0 0 0 0 0 0 0 0 10 0
10 5 2
0 0 0 0 0 0 0 0 0 0
7 0 0 0 0 0 0 0 0 0
0 0 0 4 0 10 0 9 0 0
0 1 0 0 0 0 0 0 0 0
0 0 0 0 0 0 0 0 0 0
3 0 0 0 0 0 0 0 0 0
0 0 0 0 0 0 0 0 0 0
0 0 0 0 0 5 0 0 0 0
0 0 0 0 0 0 0 0 0 0
0 0 0 0 0 0 0 0 0 0
10 5 2
0 0 9 0 0 0 3 0 0 0
0 0 0 0 0 0 0 0 0 0
0 0 5 0 0 0 0 0 0 0
0 0 0 0 5 0 0 0 0 0
0 0 0 0 0 0 0 0 0 0
0 0 1 0 0 0 0 0 0 0
0 3 0 0 0 0 0 0 0 0
0 0 0 0 9 0 0 0 0 0
0 0 0 0 0 0 0 0 0 0
0 0 0 0 0 0 0 0 0 0
10 5 2
0 0 0 0 0 7 0 0 0 0
0 0 0 8 0 0 0 0 0 0
0 0 0 0 0 0 0 0 0 0
0 2 0 0 0 0 0 0 0 0
0 0 0 7 0 0 0 0 0 0
0 0 0 0 0 0 0 0 0 0
0 0 0 0 0 0 0 0 0 0
0 0 0 0 0 0 0 0 0 0
3 0 0 0 0 0 0 0 9 0
0 0 0 0 0 0 0 0 0 1
10 5 2
0 0 0 0 0 0 0 0 0 0
0 0 0 2 7 0 0 0 0 0
0 0 0 0 1 0 0 0 0 8
0 0 0 0 0 0 2 0 0 0
0 0 0 0 0 0 0 0 0 0
0 0 0 0 0 6 0 0 0 0
0 0 0 0 0 0 0 0 0 0
0 0 0 0 0 0 0 0 0 0
0 0 0 0 0 0 0 0 0 7
0 0 0 0 0 0 0 0 0 0
10 5 2
0 0 0 0 0 0 0 0 0 0
0 0 0 0 0 0 0 0 0 9
0 0 0 0 0 0 0 0 0 0
3 0 0 0 0 0 0 0 0 0
0 2 0 0 0 0 1 0 7 0
0 0 0 0 0 0 0 0 0 0
0 0 0 0 3 0 0 0 0 0
0 0 0 0 0 0 0 0 0 0
0 0 0 0 0 0 0 0 0 0
0 0 0 6 0 0 0 0 0 0
10 5 2
0 0 0 0 10 0 0 0 0 0
0 0 0 9 0 0 0 0 0 0
0 6 0 0 0 0 0 0 0 0
0 0 0 0 0 0 0 0 0 0
0 0 0 0 0 0 0 0 0 0
0 0 0 0 0 0 0 0 0 10
0 0 0 0 0 0 0 2 0 0
0 0 0 0 0 0 0 0 0 0
0 5 0 0 0 0 0 0 0 0
0 0 0 0 0 0 0 0 0 6
10 5 2
0 0 9 0 0 0 0 0 0 0
0 0 0 0 0 0 0 0 0 0
0 0 0 0 0 0 0 0 0 0
0 0 0 0 0 0 0 0 0 0
0 0 0 0 0 0 0 0 0 0
0 0 0 0 0 0 0 0 0 8
0 0 0 0 0 0 0 2 0 0
0 0 3 0 8 0 0 0 0 0
0 0 0 0 10 0 0 0 0 3
0 0 0 0 0 0 0 0 0 0
10 5 2
0 9 0 0 0 0 0 0 0 0
0 0 7 0 0 0 0 0 0 0
0 0 0 0 0 0 0 0 0 0
0 0 0 0 0 0 0 0 0 6
0 0 0 0 0 0 0 0 0 0
0 0 0 0 0 0 0 3 0 0
0 0 0 0 0 0 0 0 0 0
0 2 0 0 0 0 0 0 0 0
0 0 0 0 0 0 0 0 0 0
0 4 0 9 0 0 0 0 0 0
10 5 2
0 0 0 2 0 0 0 0 0 0
0 0 0 0 0 0 0 0 0 0
0 1 0 0 0 0 10 0 0 0
0 0 10 0 0 0 0 0 0 0
0 0 0 0 0 0 0 0 0 0
0 0 0 0 0 0 0 0 0 0
0 0 0 0 0 0 0 0 0 0
10 0 0 0 0 0 0 0 0 0
0 0 0 0 0 0 0 7 0 0
0 0 0 0 0 0 0 8 0 0
10 5 2
0 0 5 0 0 0 0 0 0 0
0 0 0 0 8 0 0 0 0 0
0 0 0 0 0 10 0 0 0 6
0 0 0 0 0 0 0 0 0 0
0 0 0 0 0 0 0 0 0 0
0 0 0 0 0 0 0 0 0 0
0 0 0 8 0 0 0 0 0 0
0 0 0 0 0 5 0 0 9 0
0 0 0 0 0 0 0 0 0 0
0 0 0 0 0 0 0 0 0 0
10 5 2
0 0 8 0 0 0 0 0 0 9
0 0 0 0 0 0 0 0 0 0
0 0 0 0 0 0 0 10 0 0
0 3 0 0 0 0 0 0 0 0
0 0 0 0 0 0 0 0 0 0
0 0 0 0 0 0 0 0 0 0
0 7 0 0 0 3 0 0 0 0
0 0 0 0 0 0 0 9 0 0
0 0 0 0 0 0 0 0 0 0
0 0 0 0 0 0 0 0 0 0
10 5 2
0 0 0 0 0 0 3 0 0 0
0 0 0 0 0 0 0 0 0 0
0 0 0 0 0 0 7 0 0 0
0 0 0 0 0 0 0 0 3 0
0 0 0 0 0 0 0 0 0 0
0 0 0 0 0 0 0 0 8 9
0 0 0 0 0 0 0 0 0 0
0 0 5 0 0 0 0 0 0 0
0 0 0 0 0 0 0 0 0 0
0 0 0 0 0 0 0 10 0 0
10 5 2
0 0 0 0 0 0 6 0 0 0
0 0 0 0 0 0 0 0 0 0
0 0 0 0 1 0 0 0 0 0
0 0 0 0 0 0 7 0 5 0
0 0 0 0 0 0 0 0 0 0
0 0 0 0 0 0 0 0 1 0
0 0 0 0 0 0 0 0 0 0
0 0 0 0 0 0 0 0 0 0
0 0 0 0 0 0 8 0 0 0
7 0 0 0 0 0 0 0 0 0
10 5 2
0 0 0 0 0 0 0 0 0 0
0 0 0 0 9 0 0 0 0 0
0 9 0 3 0 0 0 0 0 5
0 0 0 0 0 0 0 0 0 0
0 0 0 0 0 0 0 0 0 0
0 0 0 0 0 0 0 0 0 0
6 2 0 0 0 0 0 0 0 0
0 0 0 0 0 0 4 0 0 0
0 0 0 0 0 0 0 0 0 0
0 0 0 0 0 0 0 0 0 0
10 5 2
0 0 0 0 0 0 0 0 0 0
0 0 6 0 0 0 0 0 0 0
0 0 0 0 0 0 0 0 0 0
3 0 0 0 0 0 0 6 0 0
0 5 0 0 0 0 0 0 0 0
0 0 0 0 0 0 0 0 0 0
0 0 0 0 0 3 0 0 0 0
1 0 0 0 0 0 0 0 0 0
0 0 3 0 0 0 0 0 0 0
0 0 0 0 0 0 0 0 0 0
10 5 2
0 0 0 0 0 0 0 0 0 0
0 5 0 0 0 0 0 0 0 0
0 0 0 0 0 0 0 0 0 10
0 0 0 0 0 0 0 0 0 0
0 0 0 0 0 0 0 0 0 0
0 3 0 0 10 0 0 0 0 0
5 0 0 0 0 0 0 0 0 0
0 0 0 0 0 0 0 0 0 0
0 0 0 0 0 0 0 2 0 0
0 0 0 0 0 0 0 0 1 0
10 5 2
0 0 0 0 0 0 0 0 0 8
0 0 0 0 0 0 0 0 0 0
0 6 0 0 0 0 0 0 0 10
0 0 0 0 0 0 0 0 0 0
0 0 0 0 0 0 0 0 0 0
0 0 0 0 0 0 0 0 0 0
0 0 5 0 0 0 0 0 0 0
0 0 0 0 0 0 0 5 0 0
0 0 0 0 0 0 0 0 0 6
2 0 0 0 0 0 0 0 0 0
10 5 2
5 0 0 0 0 0 0 0 0 0
0 0 0 0 0 0 0 0 0 5
0 0 0 0 0 0 0 0 0 0
0 0 0 0 1 0 0 0 0 0
0 0 0 0 0 0 0 0 0 0
0 0 0 9 0 0 0 0 0 0
0 0 0 0 0 0 5 0 0 0
0 6 0 0 0 0 0 0 0 0
0 0 0 0 0 0 0 0 0 0
0 0 0 4 0 0 0 0 0 0
10 5 2
0 0 0 0 0 0 0 0 0 0
0 0 0 0 0 0 0 0 0 0
0 0 0 0 0 0 0 0 0 0
0 0 2 1 0 0 0 0 0 0
0 0 0 0 0 0 0 0 0 0
0 0 0 0 0 0 9 0 0 0
1 0 0 0 0 4 0 0 2 0
0 0 0 0 0 0 0 0 0 0
0 0 0 0 0 10 0 0 0 0
0 0 0 0 0 0 0 0 0 0
10 5 2
0 0 0 0 0 0 0 0 0 0
0 0 0 0 0 0 4 0 0 0
0 0 0 0 0 0 1 0 0 0
0 0 0 0 0 10 0 0 0 0
0 0 0 0 0 0 3 0 0 0
0 0 0 0 0 0 0 0 0 0
0 0 0 0 0 0 0 0 0 2
0 0 0 0 0 0 0 0 0 0
0 0 0 0 0 0 0 0 0 0
0 4 6 0 0 0 0 0 0 0
10 5 2
0 0 9 0 0 7 0 10 0 0
9 0 0 0 0 0 0 0 0 0
0 0 0 0 0 0 0 0 0 0
0 3 0 0 0 0 0 0 0 0
0 0 0 0 0 0 0 0 0 0
0 0 0 0 0 0 0 0 0 0
0 0 0 0 0 0 0 0 0 0
0 0 0 0 0 0 2 7 0 0
0 0 0 0 0 0 0 0 0 0
0 0 0 0 0 0 0 0 0 0
10 5 2
0 0 0 0 0 0 0 0 0 0
0 0 0 0 0 0 0 4 0 0
0 0 0 0 0 0 0 0 0 1
0 0 0 0 0 0 0 0 0 0
0 0 0 0 0 0 0 0 0 3
0 0 0 0 0 0 0 0 0 0
0 0 0 0 0 0 1 0 0 0
2 0 0 0 0 0 0 0 0 0
0 0 0 0 10 0 0 0 0 0
0 0 0 0 0 0 0 6 0 0
10 5 2
0 0 0 0 0 0 0 0 0 0
0 0 0 0 0 0 0 0 0 0
0 5 0 0 0 4 0 0 0 0
0 0 0 0 0 0 8 0 0 0
0 0 0 0 0 0 0 0 0 0
0 10 0 0 0 0 0 0 0 2
0 0 0 0 0 0 0 0 3 0
0 0 0 0 0 0 3 0 0 0
0 0 0 0 0 0 0 0 0 0
0 0 0 0 0 0 0 0 0 0
10 5 2
0 0 0 3 0 0 0 0 0 0
0 0 0 0 0 3 0 0 0 0
0 0 0 9 0 0 0 0 0 0
0 0 0 0 0 0 0 0 0 0
0 0 0 0 0 0 0 0 0 0
0 9 0 0 0 0 0 0 0 0
0 0 0 2 0 0 0 0 0 0
0 0 0 0 0 0 0 3 0 1
0 0 0 0 0 0 0 0 0 0
0 0 0 0 0 0 0 0 0 0
10 5 2
0 0 0 0 0 0 0 0 0 0
0 0 0 0 8 0 0 2 0 0
0 0 0 0 0 0 0 0 0 0
0 0 0 0 6 0 0 0 0 0
0 0 8 0 0 0 0 0 0 0
0 0 0 0 0 0 0 0 0 0
0 0 0 0 0 0 0 0 0 0
0 0 6 0 0 0 0 0 0 0
0 0 0 0 2 0 0 0 7 0
0 0 0 0 0 0 0 0 0 0
10 5 2
0 0 0 0 0 0 0 0 0 0
6 0 0 0 0 0 0 8 0 0
0 0 1 0 2 0 0 0 0 0
0 0 0 0 0 0 0 0 0 0
0 0 0 0 0 0 0 0 8 0
0 0 0 0 0 0 0 0 0 0
0 0 0 0 0 0 0 0 7 0
0 0 0 0 0 0 0 0 0 0
0 0 0 0 0 0 0 0 0 0
0 0 0 0 7 0 0 0 0 0
10 5 2
0 0 0 0 0 0 0 0 0 0
0 0 0 0 0 0 0 0 0 0
0 0 0 0 0 0 1 0 0 0
0 0 0 0 0 0 0 0 0 0
0 0 0 0 0 0 0 3 0 0
0 0 0 0 6 0 0 5 0 0
0 0 8 0 0 0 0 0 0 0
0 0 2 0 4 0 0 0 0 0
0 0 0 0 0 0 0 0 0 0
0 0 0 0 0 0 0 0 0 0
10 5 2
0 0 0 0 0 0 0 0 0 0
0 0 0 0 0 0 0 0 3 0
0 0 4 0 0 0 0 0 10 0
0 0 0 0 0 0 0 0 0 6
0 0 0 0 0 0 0 10 0 0
3 0 0 0 0 0 0 0 0 0
0 0 0 0 0 0 0 0 0 0
0 0 1 0 0 0 0 0 0 0
0 0 0 0 0 0 0 0 0 0
0 0 0 0 0 0 0 0 0 0
10 5 2
0 0 0 0 0 0 0 0 0 0
0 0 0 0 0 0 0 0 0 2
0 0 0 0 0 0 0 1 0 0
0 0 0 0 0 0 0 0 0 0
0 0 0 0 0 0 0 0 5 0
2 0 4 0 0 3 0 5 0 0
0 0 0 0 0 0 0 0 0 0
0 0 0 0 0 0 0 0 0 0
0 0 0 0 0 0 0 0 0 0
0 0 0 0 0 0 0 0 0 0
10 5 2
0 0 0 0 0 3 0 0 0 0
0 0 0 0 0 0 0 0 0 0
0 0 0 0 4 0 2 0 0 0
0 0 0 0 0 0 0 0 0 0
0 0 0 0 0 0 0 0 0 0
0 0 0 0 0 0 0 0 0 0
0 8 0 0 0 0 0 0 0 0
0 0 0 10 0 0 0 0 0 0
0 2 0 0 0 0 0 0 0 0
0 0 0 0 0 0 0 0 8 0
10 5 2
0 0 0 0 0 0 0 0 0 0
0 0 0 3 0 0 0 0 0 0
0 0 0 0 0 0 0 0 0 0
0 0 0 0 0 10 0 0 9 0
0 0 0 0 0 0 0 0 0 1
0 0 0 0 0 0 0 0 0 0
0 0 0 0 0 0 0 3 0 0
0 0 0 0 0 0 0 0 0 0
0 0 0 0 0 5 0 0 3 0
0 0 0 0 0 0 0 0 0 0
10 5 2
0 0 0 0 8 0 0 0 3 0
0 0 0 0 10 0 0 0 0 0
0 10 0 0 0 0 0 0 0 0
0 0 0 0 0 0 0 0 0 0
0 0 0 0 0 0 1 0 0 0
0 0 0 0 0 0 0 0 0 0
0 0 0 0 0 0 0 0 0 0
0 0 4 0 0 0 9 0 0 0
0 0 0 0 0 0 0 0 0 0
0 0 0 0 0 0 0 0 0 0
10 5 2
0 0 0 0 0 0 0 0 0 0
0 0 0 0 0 0 0 0 3 0
0 0 6 0 0 0 0 0 0 0
0 0 0 0 0 0 0 0 0 9
0 0 0 0 0 0 0 0 0 0
0 10 0 0 0 0 0 0 0 0
0 0 5 0 0 4 0 0 0 0
0 0 0 0 0 0 0 0 0 0
0 0 3 0 0 0 0 0 0 0
0 0 0 0 0 0 0 0 0 0
10 5 2
0 0 0 0 0 0 0 0 0 0
0 0 0 0 0 0 0 0 0 0
0 0 5 1 6 0 0 0 0 0
0 0 0 0 0 0 0 0 0 0
0 0 6 0 0 0 0 0 0 0
0 0 0 0 0 0 4 0 0 0
0 0 0 0 0 0 0 0 0 0
0 0 0 0 0 0 0 0 0 0
0 0 7 0 0 0 0 0 0 0
0 0 0 0 0 0 0 5 0 0
10 5 2
0 0 0 0 0 0 0 0 0 0
0 0 0 0 0 0 0 0 0 0
0 0 0 0 0 0 0 0 0 0
0 0 0 0 0 0 0 6 0 0
0 0 0 0 0 0 0 0 0 0
0 0 4 0 0 0 0 0 0 0
0 0 0 0 0 0 0 0 0 0
0 0 0 0 10 4 0 0 0 0
0 0 0 0 0 0 4 0 0 0
0 0 0 9 0 5 0 0 0 0
10 5 2
0 0 0 0 0 0 2 0 0 0
2 0 0 0 0 0 0 0 0 0
0 0 0 0 8 0 0 0 0 0
0 9 0 0 0 0 0 0 0 0
0 0 0 0 0 0 0 0 1 0
0 0 0 0 0 0 0 0 0 0
0 0 0 0 3 0 0 0 0 0
0 0 0 0 0 2 0 0 0 0
0 0 0 0 0 0 0 0 0 0
0 0 0 0 0 0 0 0 0 0
10 5 2
0 0 0 0 0 0 0 0 0 0
0 0 0 0 0 0 0 0 0 0
0 0 0 0 0 0 0 0 0 0
0 0 0 0 0 0 0 0 0 5
0 0 5 0 0 0 0 10 0 0
0 0 0 0 0 0 0 0 0 0
0 0 7 0 0 0 0 0 0 0
0 0 0 0 0 0 0 0 0 0
0 0 0 0 0 6 5 0 0 0
0 0 0 0 0 8 0 0 0 0
10 5 2
0 0 0 0 0 0 0 0 0 0
0 0 9 0 0 0 0 10 0 0
0 0 0 3 0 0 0 0 0 0
0 0 0 0 0 0 0 0 0 0
0 0 1 0 0 0 0 0 0 0
0 0 0 0 0 0 0 0 0 0
0 0 0 0 0 0 0 0 4 0
0 0 0 0 0 0 0 0 0 0
0 0 0 0 0 0 0 0 0 0
1 0 0 0 0 0 7 0 0 0
10 5 2
0 2 0 0 0 0 0 8 0 0
0 0 0 0 3 0 0 0 0 0
0 0 0 0 0 0 0 0 0 0
0 0 0 0 0 0 10 0 0 0
0 0 0 0 0 0 0 0 0 0
0 0 0 0 0 0 0 0 0 0
0 0 0 9 0 0 0 0 0 0
0 0 0 0 0 0 0 0 0 1
0 0 0 0 8 0 0 0 0 0
0 0 0 0 0 0 0 0 0 0
10 5 2
0 0 0 0 0 0 0 0 0 0
0 0 0 0 0 0 0 9 0 0
4 0 0 0 0 0 0 0 0 0
0 0 0 0 0 0 0 0 0 0
0 0 0 10 0 0 0 0 0 0
0 0 0 0 0 0 0 0 0 0
0 0 0 0 0 0 0 0 0 0
0 0 7 0 9 0 0 0 0 0
0 0 0 0 2 0 0 0 0 0
6 0 0 0 0 0 0 0 0 0
10 5 2
0 0 0 0 0 1 0 0 0 0
0 0 0 0 0 0 0 0 0 0
0 0 0 0 0 0 0 7 0 0
0 0 0 0 0 0 0 3 0 0
0 0 0 0 0 0 0 0 0 0
0 0 0 0 0 0 0 0 0 0
0 0 0 0 10 0 0 0 0 0
0 8 0 0 0 0 0 0 0 0
0 0 0 0 0 0 0 0 0 0
0 0 10 0 0 0 4 0 0 0
10 5 2
0 0 0 1 0 0 0 0 0 0
0 0 0 0 0 0 0 0 0 0
0 0 0 4 0 0 0 0 0 1
0 0 0 0 0 7 0 0 0 0
0 0 9 0 0 0 0 0 0 0
0 0 0 0 0 0 0 0 0 0
0 0 0 0 0 8 0 0 0 0
0 0 0 0 0 0 2 0 0 0
0 0 0 0 0 0 0 0 0 0
0 0 0 0 0 0 0 0 0 0
10 5 2
0 0 0 0 0 0 0 0 0 0
0 0 5 6 0 0 0 0 0 0
0 0 3 0 0 0 0 4 0 0
0 0 0 0 0 0 0 0 0 0
0 7 0 0 0 0 0 0 0 0
0 0 0 0 0 0 0 0 0 0
0 0 0 0 0 0 0 0 0 2
0 0 2 0 0 0 0 0 0 0
0 0 0 0 0 0 0 0 0 0
0 0 0 0 0 0 0 0 0 0
10 5 2
0 0 0 4 0 0 0 0 0 0
0 6 0 0 0 0 8 0 0 0
0 0 0 0 0 0 2 0 0 0
0 0 0 0 0 0 9 0 0 0
0 0 0 0 0 0 0 0 0 0
5 0 0 0 0 0 0 0 0 0
0 0 1 0 0 0 0 0 0 0
0 0 0 0 0 0 0 0 0 0
0 0 0 0 0 0 0 0 0 0
0 0 0 0 0 0 0 0 0 0
10 5 2
0 0 0 0 0 0 0 0 0 0
0 0 0 0 1 10 0 0 0 0
0 0 0 4 0 0 0 0 0 0
0 0 0 0 0 0 0 0 0 0
0 0 0 0 0 0 0 0 0 0
0 0 0 0 5 0 0 0 0 0
0 0 0 0 9 0 0 0 0 0
0 0 0 0 0 0 0 0 0 0
0 0 9 0 2 0 0 0 0 0
0 0 0 0 0 0 0 0 0 0
10 5 2
0 0 0 0 0 0 0 0 0 0
10 0 0 0 0 0 0 0 0 0
0 0 0 0 0 0 0 0 0 4
0 0 0 0 0 0 0 0 0 0
0 0 2 0 0 0 0 0 0 0
0 0 0 0 0 0 8 0 0 0
0 0 0 0 0 0 0 0 0 0
0 7 0 0 0 0 0 0 0 0
0 0 0 0 0 0 0 0 0 0
0 0 0 6 0 7 0 0 0 0