12 3 4
10 0 0 0 0 0 0 0 0 0 0 0
0 0 0 0 0 0 0 0 0 0 0 0
0 0 0 0 0 11 0 0 0 0 0 0
0 0 0 0 0 0 0 0 0 0 0 0
0 3 0 0 0 0 0 0 0 0 0 0
8 0 0 0 9 0 0 0 0 0 0 0
0 0 0 0 0 0 0 0 4 0 0 0
4 0 0 0 0 0 0 0 0 0 0 0
0 0 11 0 0 0 0 0 0 0 0 0
6 12 0 0 5 0 0 0 0 0 0 0
0 0 0 0 0 0 0 0 0 0 0 0
7 0 0 0 0 0 0 0 0 0 0 0
12 3 4
0 0 0 0 0 0 0 0 12 0 0 0
0 0 0 10 0 0 0 1 0 0 0 7
5 0 0 2 0 0 0 0 0 0 0 0
0 0 0 0 0 0 0 0 0 0 0 0
0 0 0 0 0 0 0 0 0 0 7 0
0 0 0 0 0 0 0 0 0 0 0 0
10 0 2 0 0 0 0 0 0 0 0 0
0 0 0 0 0 0 0 0 4 11 0 0
0 0 0 0 0 0 0 0 0 10 0 0
0 0 0 0 0 0 0 0 0 0 0 0
0 0 0 0 0 0 0 0 0 0 0 0
0 0 0 0 0 0 0 0 0 0 0 0
12 3 4
0 0 0 0 0 7 0 0 0 0 0 0
0 0 0 0 0 0 0 0 0 0 0 0
0 0 0 0 0 0 0 0 0 0 0 0
0 6 0 0 0 11 0 2 0 0 0 4
0 7 0 0 0 0 0 0 0 0 0 0
0 0 0 0 0 0 0 0 0 0 0 0
0 0 0 0 12 0 0 0 0 0 0 0
0 3 0 0 0 0 0 0 0 0 0 0
0 0 0 12 0 0 0 0 0 3 0 0
0 0 0 0 0 0 0 0 0 0 0 0
0 0 0 0 0 10 0 0 0 0 0 0
0 0 0 0 0 0 0 0 0 0 0 3
12 3 4
0 0 0 0 0 0 0 0 0 0 0 0
0 0 0 0 0 0 0 0 9 0 0 0
0 0 0 0 0 0 0 0 0 0 0 0
0 0 2 0 0 0 0 0 0 0 0 0
0 0 0 0 0 9 0 0 0 0 0 0
0 0 0 4 2 0 0 0 0 0 0 0
0 0 0 0 0 0 0 10 0 0 0 0
0 0 0 0 0 0 0 0 4 0 0 0
0 0 0 0 0 0 0 0 0 0 0 0
0 0 0 0 0 0 0 5 0 0 0 0
0 0 6 0 0 0 0 1 0 0 0 0
0 0 1 0 0 0 4 0 0 0 0 0
12 3 4
0 0 0 0 0 0 0 0 0 8 0 0
0 0 0 0 0 0 0 0 0 0 0 0
0 0 0 0 0 0 0 0 0 7 0 0
0 0 0 0 0 0 0 0 0 2 0 0
0 0 0 0 0 0 0 0 5 0 0 0
0 9 0 0 0 0 0 0 0 0 0 0
0 0 0 0 0 0 0 0 0 0 0 0
0 0 0 0 0 0 0 0 0 3 0 0
0 0 0 9 0 0 0 0 0 0 0 0
0 0 0 0 0 0 0 0 0 0 0 9
0 0 0 0 0 0 0 0 2 0 3 0
0 0 2 0 0 0 0 0 0 0 0 12
12 3 4
0 5 0 0 0 0 0 0 0 6 0 0
0 8 0 0 0 0 0 0 0 0 0 0
0 0 0 0 0 0 0 0 0 0 0 0
0 0 0 0 0 0 10 8 0 0 0 0
0 0 0 0 0 0 0 0 0 0 0 0
11 0 0 0 0 0 0 0 0 0 0 0
0 0 0 0 6 0 0 0 0 3 0 0
0 0 0 0 0 0 0 0 0 0 0 0
0 0 0 0 0 0 2 0 0 0 0 0
0 0 4 0 0 0 0 0 0 0 0 0
0 0 0 0 0 0 0 0 0 0 0 0
0 0 0 0 0 0 3 0 0 0 0 2
12 3 4
0 0 0 0 0 0 0 0 0 0 0 0
0 0 8 0 0 0 0 0 0 0 0 0
0 0 0 0 0 0 0 0 0 0 0 0
0 0 0 0 1 0 0 0 0 0 0 0
0 0 0 0 0 0 4 0 0 0 0 0
0 0 0 0 0 6 0 0 0 0 0 0
0 0 12 0 0 0 0 8 0 0 0 0
0 0 0 7 0 0 0 0 0 0 6 0
0 4 0 0 0 10 0 0 0 0 0 0
0 0 0 0 2 0 0 0 0 0 0 0
0 0 0 0 0 0 7 0 0 0 0 0
0 0 0 0 0 0 0 0 0 0 0 0
12 3 4
0 0 0 8 0 0 0 0 0 0 0 0
0 0 9 0 0 0 0 0 4 0 0 0
0 0 0 0 0 0 0 0 0 0 0 0
0 0 0 0 0 0 0 0 0 0 0 0
0 0 0 0 0 0 0 0 0 0 0 0
0 0 0 0 0 0 0 0 0 0 0 10
0 0 0 0 0 7 0 0 0 0 0 0
0 0 8 0 9 0 0 0 0 0 0 0
0 0 0 0 0 0 0 0 0 3 0 0
0 0 0 0 0 0 0 0 0 7 0 0
0 0 0 0 0 0 0 0 0 0 0 8
1 0 0 0 0 8 0 0 0 0 0 0
12 3 4
0 0 0 0 0 0 0 5 0 1 0 0
0 0 0 0 0 0 0 0 0 0 0 0
0 0 0 0 0 0 0 0 0 0 0 7
0 0 0 0 0 0 0 0 0 0 0 0
0 0 0 0 0 0 0 0 0 0 0 0
0 0 0 0 0 0 0 0 0 0 0 0
0 0 0 0 0 0 0 2 0 3 0 0
0 0 0 0 0 0 0 4 0 0 0 0
0 0 2 0 0 0 0 12 0 0 0 8
9 0 0 0 0 0 0 0 7 0 0 0
0 0 0 0 0 0 0 0 0 0 0 0
0 0 0 0 0 0 0 0 0 8 0 0
12 3 4
0 0 11 0 0 0 0 0 0 0 0 0
0 0 0 0 0 0 0 9 0 0 0 0
0 3 0 0 0 0 0 0 0 0 0 0
0 0 0 0 0 0 0 0 0 5 0 0
0 0 0 0 0 0 0 0 0 0 0 0
0 0 0 0 0 0 0 0 0 0 0 0
0 0 0 0 0 0 0 0 0 0 0 0
0 0 9 0 0 0 1 0 0 0 0 0
0 0 8 0 0 0 0 0 0 0 0 0
0 0 2 0 0 0 0 0 6 0 0 0
0 0 0 3 0 0 0 0 0 0 0 0
0 12 0 0 0 0 0 0 0 1 0 0
12 3 4
0 0 11 0 0 0 8 0 0 0 0 0
0 0 0 0 0 0 0 0 0 0 8 0
6 0 0 0 0 0 0 0 0 0 0 0
0 0 0 0 0 0 0 0 0 0 0 0
0 0 0 0 0 0 0 0 0 0 0 0
0 0 0 0 0 0 0 6 0 0 0 0
0 0 0 0 0 0 0 4 0 12 0 0
0 0 0 0 0 0 0 0 0 0 5 0
0 0 0 0 0 0 0 0 0 9 1 0
0 0 0 0 0 0 0 0 0 0 0 0
0 0 2 0 0 0 0 0 0 0 0 0
0 0 7 0 0 0 0 0 0 0 0 0
12 3 4
0 12 0 0 0 0 0 0 0 0 0 0
0 0 7 0 0 0 0 0 0 0 0 10
0 0 0 0 0 0 0 10 0 0 0 0
0 0 0 0 0 0 0 0 0 0 0 0
0 0 0 0 0 0 0 0 0 0 0 0
0 0 0 0 0 5 0 0 0 0 0 0
0 0 0 0 0 0 0 0 5 0 0 0
0 0 0 0 0 0 0 0 0 0 0 0
6 1 0 0 0 7 0 0 0 0 4 0
0 0 0 0 11 0 0 0 0 0 0 0
0 0 0 0 0 0 0 0 0 0 7 0
0 0 0 0 0 0 0 0 0 0 0 0
12 3 4
0 0 0 0 0 0 0 0 0 0 0 0
0 0 9 0 4 0 0 0 6 0 0 0
0 0 0 0 0 0 6 0 0 0 0 0
0 0 0 9 0 0 0 0 0 0 0 0
0 0 0 0 0 8 0 0 0 0 0 0
0 0 0 0 12 0 0 0 0 0 8 0
0 0 0 0 0 0 10 0 0 0 0 0
0 0 0 0 0 0 4 0 0 0 0 0
0 0 0 0 0 0 0 0 0 0 0 0
3 0 0 0 0 0 0 0 0 0 0 0
0 0 0 0 0 12 0 0 0 0 0 0
0 0 0 0 0 0 0 0 0 0 0 0
12 3 4
0 0 0 0 0 0 0 0 0 0 0 0
0 0 0 3 0 0 0 0 0 0 0 0
0 0 0 0 0 0 0 0 0 0 0 0
0 0 0 0 0 0 0 0 0 0 9 0
0 0 0 0 0 0 11 0 0 0 0 0
0 0 0 0 10 1 0 0 0 0 0 0
0 0 0 0 0 0 4 0 0 0 0 0
0 0 0 0 0 9 0 0 0 0 0 0
0 0 0 0 0 0 0 0 0 0 0 0
0 0 11 10 0 0 0 0 0 0 0 0
0 0 0 0 0 0 0 0 0 0 0 0
0 0 0 0 0 10 12 5 0 0 0 0
12 3 4
4 0 0 0 0 0 0 0 0 0 0 0
0 0 0 0 0 0 0 8 0 0 0 0
0 0 0 0 0 9 0 0 0 0 0 0
0 0 11 0 0 0 0 0 9 0 0 0
0 0 0 0 0 0 0 0 0 0 0 0
0 0 0 0 0 0 0 0 0 0 0 0
0 5 0 0 0 0 0 0 0 0 0 0
0 0 0 0 1 0 0 0 0 0 0 0
0 0 0 0 0 0 0 0 0 0 0 0
0 0 0 0 0 0 6 0 0 0 0 0
0 0 0 0 0 0 0 0 0 0 0 0
0 9 8 0 0 11 0 0 0 0 4 0
12 3 4
0 0 0 0 0 12 0 0 0 0 10 0
0 0 0 0 0 0 0 0 11 0 0 0
0 0 0 0 11 0 0 0 0 0 0 7
0 0 4 0 0 0 0 0 0 0 0 0
0 0 0 0 8 0 0 1 0 0 0 0
1 5 0 0 0 0 0 0 0 0 0 0
0 0 0 0 0 4 0 0 0 0 0 0
0 0 0 0 0 0 0 6 0 0 0 0
0 0 0 0 0 0 0 0 0 0 0 0
0 0 0 0 0 0 0 0 0 0 0 0
0 0 0 0 0 0 0 0 0 0 0 0
0 0 0 0 0 0 0 0 0 0 0 0
12 3 4
0 0 0 0 0 0 0 0 0 0 0 0
0 0 0 0 12 11 0 0 0 0 0 0
0 0 6 0 0 0 0 0 0 0 0 0
0 0 0 0 0 0 0 0 0 0 0 0
12 0 0 0 0 0 0 2 0 0 0 0
0 0 0 0 0 0 0 0 8 0 0 0
0 0 0 0 0 0 0 0 0 0 2 0
0 0 0 0 0 0 0 0 0 0 9 0
0 0 0 0 0 0 0 0 0 0 0 11
9 2 0 0 0 0 0 0 0 0 0 0
4 0 0 0 0 0 0 0 0 0 0 0
0 0 0 0 0 0 0 0 0 0 0 0
12 3 4
0 7 0 0 0 0 0 0 0 0 0 4
0 0 0 0 0 0 0 0 0 5 0 0
0 0 12 0 0 0 0 0 0 0 0 0
0 10 0 0 5 0 0 0 0 0 0 0
0 0 0 0 0 0 0 0 0 0 0 0
0 0 0 0 0 0 0 0 0 0 0 0
0 0 0 0 0 0 0 0 1 0 0 6
0 0 0 0 1 0 0 0 0 0 0 0
0 0 0 0 0 0 0 0 0 0 0 0
0 0 0 0 0 0 0 0 0 0 4 0
0 0 1 0 0 0 0 0 0 0 0 0
0 0 0 0 0 0 0 0 0 6 0 0
12 3 4
0 0 0 0 0 0 0 0 0 0 0 0
0 0 0 0 0 0 0 0 0 0 0 0
0 3 1 0 6 0 0 0 2 7 0 0
0 0 0 0 0 0 0 0 0 0 0 0
0 0 0 0 0 0 3 0 0 0 0 0
0 0 0 0 0 0 0 0 0 0 0 0
0 0 0 0 0 0 0 4 0 10 0 0
0 0 0 0 0 0 0 0 0 0 0 0
0 5 0 12 0 0 0 0 0 0 0 0
0 0 0 0 0 0 11 0 0 3 0 0
0 0 0 0 0 0 0 0 0 0 0 0
0 0 0 0 0 0 0 0 0 0 0 0
12 3 4
0 0 0 0 0 0 0 0 0 0 0 0
0 12 0 0 0 0 0 0 0 0 0 0
0 0 0 0 0 0 0 0 0 0 0 0
0 0 0 0 0 0 9 0 0 0 0 0
0 6 0 0 0 0 10 0 0 0 0 0
0 0 0 0 0 0 0 0 0 0 0 0
0 0 0 0 0 0 0 0 0 0 0 0
0 0 7 0 0 0 0 0 0 0 0 9
0 0 0 0 0 0 0 0 0 2 0 0
0 0 0 0 0 0 0 0 7 0 0 0
6 0 0 0 0 0 0 0 11 12 10 0
0 0 0 0 0 0 0 0 0 0 0 0
12 3 4
0 4 0 0 0 0 0 0 0 0 0 0
0 0 0 0 0 0 0 4 0 0 0 5
0 0 1 0 0 0 0 0 0 0 0 0
0 0 0 0 7 0 6 0 0 0 0 12
0 0 0 0 0 0 0 0 0 0 0 10
0 0 0 0 0 0 0 0 0 0 0 0
0 0 0 3 0 0 0 0 12 0 0 0
0 0 0 0 0 0 0 0 0 0 0 0
0 0 0 0 0 0 0 0 4 0 0 0
12 0 0 0 0 0 0 0 0 0 0 0
0 0 0 0 0 0 0 0 0 0 0 0
0 0 0 0 0 0 0 0 0 0 0 0
12 3 4
0 0 0 0 0 6 0 0 0 0 0 0
0 0 0 0 0 0 0 0 0 0 0 0
0 0 0 0 0 0 0 0 0 6 0 0
0 0 0 0 0 4 0 0 0 0 0 0
0 0 0 0 0 0 0 0 0 0 0 0
0 0 12 0 0 0 0 0 0 0 3 0
0 0 0 0 0 0 0 0 0 0 0 0
0 0 3 0 0 0 0 0 0 0 0 0
6 0 0 0 0 0 0 0 0 0 0 0
0 0 0 0 0 0 0 0 0 0 6 0
0 0 4 9 0 0 0 1 0 0 0 0
0 0 11 0 0 0 0 0 0 0 0 0
12 3 4
0 0 0 0 0 0 0 0 0 0 0 0
0 0 0 0 0 0 0 0 0 0 0 0
0 0 0 0 0 0 0 0 0 0 0 0
0 0 0 0 0 0 0 0 0 0 0 0
0 0 0 0 0 0 0 0 0 0 0 0
0 0 0 0 0 0 0 0 0 0 0 0
12 11 0 0 7 0 8 0 0 0 0 0
0 0 0 0 0 0 0 0 5 0 0 6
0 0 0 0 0 11 0 0 10 0 0 0
0 0 0 0 5 2 0 0 0 0 0 0
0 0 0 0 0 0 0 0 0 0 0 0
0 7 4 0 0 0 0 0 0 0 0 0
12 3 4
0 1 0 0 0 0 0 0 0 0 0 0
0 0 0 0 0 0 0 0 0 0 0 0
0 0 0 0 0 0 0 0 0 0 0 0
4 0 0 0 10 0 0 0 0 12 0 0
0 0 0 0 0 0 0 0 0 0 0 0
0 0 0 0 0 0 0 0 0 0 3 6
0 0 0 0 1 10 0 0 0 0 0 0
0 0 0 0 0 0 0 0 0 0 0 0
0 0 0 0 0 0 0 0 0 0 0 0
0 0 0 0 0 0 0 0 0 0 1 0
0 0 0 0 0 7 0 0 0 0 0 0
0 0 0 0 6 0 12 0 0 0 0 0
12 3 4
0 0 0 0 0 0 0 0 0 2 0 0
0 0 0 0 0 0 0 0 5 0 0 0
0 0 0 0 0 0 0 0 0 0 12 0
0 0 0 0 0 0 0 0 0 0 0 0
0 0 0 0 0 11 0 0 0 0 0 0
0 0 0 0 0 0 8 0 0 0 0 1
4 0 0 0 0 0 0 0 3 0 0 0
0 0 0 0 0 0 0 0 0 0 0 0
0 0 0 0 0 0 11 0 9 0 0 0
0 0 0 0 0 0 0 0 0 0 4 0
0 0 0 0 0 0 0 0 0 0 0 3
0 0 0 0 0 0 0 0 0 0 0 0
12 3 4
0 0 1 6 0 0 0 0 0 0 0 0
0 0 0 0 0 0 0 0 1 0 0 0
0 0 0 0 0 0 0 0 0 0 0 0
0 0 0 0 0 0 0 0 0 0 0 0
0 0 7 0 5 0 0 0 0 0 0 0
0 0 0 0 0 0 0 0 0 0 0 0
6 0 0 0 0 0 0 0 0 0 0 0
0 0 0 0 0 1 0 0 0 0 0 0
0 0 0 0 0 0 0 0 0 0 0 0
0 0 0 0 0 0 0 8 0 0 0 0
0 0 0 0 0 0 0 6 0 0 0 0
7 0 0 0 0 0 0 5 0 0 0 1
12 3 4
0 0 0 0 0 0 0 0 0 0 0 0
0 2 0 0 0 4 0 0 0 0 0 0
0 0 0 0 0 0 0 11 0 0 0 0
0 0 0 0 0 0 8 9 0 0 0 0
0 0 0 0 0 6 0 0 0 0 0 0
0 0 0 11 0 0 0 0 0 0 0 0
0 0 0 0 0 0 0 4 0 0 0 0
0 0 0 0 0 0 5 0 0 0 0 0
0 0 0 0 0 0 0 0 0 0 0 0
0 0 4 0 0 0 0 8 0 0 0 0
0 0 0 0 0 0 0 0 0 0 0 0
9 0 0 0 0 0 0 0 0 0 0 0
12 3 4
0 0 0 0 0 0 0 0 0 11 0 0
9 0 0 0 0 0 0 0 0 0 0 0
0 0 0 0 0 0 0 0 0 0 0 0
0 0 0 0 0 0 0 0 0 0 0 0
0 0 0 0 9 11 0 0 0 0 0 0
11 0 0 0 0 0 0 0 0 0 0 0
0 0 0 0 0 0 0 0 0 0 10 0
0 0 0 0 0 0 0 0 0 0 0 0
0 0 0 0 0 0 0 0 0 0 8 0
0 10 0 0 0 0 0 6 0 0 0 0
0 0 0 0 3 0 0 0 0 0 0 0
6 0 4 0 0 0 0 0 0 0 0 0
12 3 4
0 0 0 0 0 0 0 0 0 0 0 11
0 0 0 0 0 0 0 0 0 0 0 0
0 0 7 0 4 0 0 6 0 0 0 0
0 9 0 0 0 0 0 0 0 1 0 0
0 0 0 0 0 0 0 0 0 0 0 0
0 0 0 0 0 0 0 0 0 4 0 0
0 0 0 0 0 6 0 0 0 0 0 2
0 0 9 0 0 0 0 0 0 0 0 0
0 0 0 0 0 0 9 0 0 0 0 0
0 0 0 0 0 0 0 0 0 0 0 0
0 0 0 0 0 0 0 0 0 0 0 0
9 0 0 0 0 0 0 0 0 0 0 0
12 3 4
0 0 0 0 0 0 0 0 0 0 0 0
0 0 0 8 0 0 12 0 0 0 0 0
0 0 0 0 6 0 0 0 0 0 0 0
0 0 7 0 0 0 0 8 0 0 0 0
0 4 9 0 0 0 0 0 0 0 0 0
0 0 0 0 0 0 0 0 0 0 0 0
0 0 0 1 0 0 0 0 0 0 0 0
0 11 0 0 0 0 0 0 0 0 0 0
0 0 0 0 0 0 0 6 0 0 0 0
0 0 0 0 5 0 0 0 0 0 0 0
0 0 0 0 0 0 0 0 0 0 0 0
0 0 0 0 0 0 8 0 0 0 0 0
12 3 4
0 0 0 0 0 0 3 0 0 11 2 0
0 0 0 0 0 0 0 0 0 0 0 0
0 0 0 0 0 0 0 0 0 0 0 0
0 0 0 0 0 0 0 0 0 0 0 0
6 0 0 0 8 0 0 0 0 0 0 0
0 0 0 0 0 0 0 0 2 0 0 0
11 0 0 0 0 0 0 8 0 0 0 0
0 0 0 0 0 4 0 0 0 0 0 0
0 0 0 0 0 0 0 12 0 0 4 0
0 0 0 0 0 0 0 0 0 0 0 0
0 0 0 0 0 0 0 4 0 0 0 0
0 0 0 0 0 0 0 0 0 0 0 0
12 3 4
0 0 0 0 1 0 0 0 0 0 0 0
0 0 0 0 0 0 0 0 3 0 0 0
8 0 0 5 0 0 0 0 0 6 0 0
0 0 0 0 0 0 0 0 0 0 0 0
0 0 0 0 0 0 0 0 0 0 0 0
0 5 0 0 0 0 0 0 0 10 0 0
0 0 0 0 0 0 0 0 0 0 0 0
0 0 0 0 0 0 0 11 0 0 0 0
0 0 0 0 0 0 0 0 0 0 0 0
0 0 0 0 0 0 0 0 0 0 0 0
0 0 0 0 0 12 0 3 0 0 0 0
0 0 4 0 0 0 0 0 0 0 8 0
12 3 4
0 0 0 0 0 0 0 0 0 0 0 0
0 0 0 7 0 0 1 0 0 0 0 0
0 0 0 0 11 0 0 0 12 0 0 0
0 0 0 0 0 0 0 0 0 0 0 0
0 3 0 0 0 0 0 0 0 0 0 0
0 0 0 0 0 0 0 0 0 6 0 0
0 0 0 0 0 0 0 0 0 8 0 0
0 0 0 0 0 0 0 0 0 0 0 7
0 0 0 0 0 0 0 0 0 0 0 0
0 0 0 0 0 0 0 0 5 0 0 0
0 0 0 0 9 0 0 0 0 0 0 0
0 0 0 0 0 3 0 0 6 0 0 0
12 3 4
0 0 0 0 0 4 0 0 0 0 0 0
0 0 0 0 2 0 0 0 0 0 0 0
0 0 0 0 0 0 0 0 0 0 0 0
0 0 0 7 0 0 0 0 0 0 0 0
0 0 0 0 0 0 0 0 0 5 0 0
0 0 1 0 0 0 0 0 0 4 0 0
0 0 0 0 5 0 0 0 0 0 0 0
0 1 0 0 0 0 0 0 0 0 0 0
6 0 0 0 0 0 0 0 0 0 11 0
0 0 0 12 0 0 0 0 0 0 0 0
0 0 0 0 0 0 0 0 0 0 2 0
0 0 0 0 0 0 0 0 0 0 0 0
12 3 4
11 0 0 0 0 0 0 0 0 0 0 0
0 0 0 0 0 0 0 0 0 0 10 0
0 0 0 0 0 0 0 0 0 0 0 0
0 0 0 0 10 0 0 0 0 0 0 0
0 0 0 0 3 0 0 0 0 0 0 0
0 0 0 0 0 0 0 0 11 0 0 0
0 0 0 0 0 2 0 0 1 0 0 0
0 0 0 0 0 0 0 0 0 0 0 0
0 0 0 0 8 0 0 0 0 0 0 0
0 0 0 0 0 0 0 0 2 0 0 0
0 0 0 0 0 1 0 0 0 0 0 0
0 0 0 0 5 7 0 0 0 0 0 0
12 3 4
0 0 0 0 0 0 0 0 0 0 0 0
0 0 0 0 0 0 0 0 0 0 0 0
0 0 0 0 0 0 0 0 0 0 0 0
0 0 0 0 0 5 0 2 0 0 0 0
0 0 0 0 0 0 0 0 8 0 0 0
0 0 0 0 0 0 0 12 3 0 5 0
0 0 0 0 0 0 0 0 0 0 0 0
0 0 0 0 0 0 0 6 0 0 0 0
0 0 0 0 0 0 0 0 0 0 0 0
0 0 0 0 0 0 0 0 2 0 0 0
5 0 0 7 0 0 0 0 0 0 0 0
0 0 0 0 7 0 0 0 0 0 0 4
12 3 4
0 0 0 0 0 0 0 0 0 3 0 0
0 3 0 0 0 6 0 0 0 0 0 0
0 0 0 0 0 8 12 0 0 0 0 0
3 0 0 0 0 0 0 0 0 0 0 0
0 0 0 9 0 0 0 0 0 0 0 0
0 0 0 0 0 0 9 0 0 0 0 0
0 0 0 0 0 0 0 0 0 0 0 5
0 0 0 0 0 0 0 0 0 0 0 0
0 0 0 0 0 0 0 0 0 0 0 0
0 0 0 0 0 0 0 0 0 0 0 0
0 0 0 0 0 0 0 1 0 0 0 0
11 0 0 0 10 0 0 0 0 0 0 0
12 3 4
0 0 0 0 0 0 0 0 0 0 0 3
0 0 0 0 0 0 0 0 0 0 0 0
0 0 4 0 0 0 0 6 0 0 0 0
0 0 0 0 0 0 0 0 0 0 9 0
0 0 0 0 0 0 0 0 0 0 4 0
0 0 0 0 0 0 0 0 0 0 0 0
0 0 0 0 8 0 0 0 0 0 0 0
0 0 0 0 10 0 0 3 0 0 0 0
0 9 0 0 0 0 0 0 0 0 0 0
0 0 0 0 0 0 0 0 0 0 0 0
0 0 0 0 0 0 0 0 0 0 6 0
0 11 0 0 9 0 0 0 0 0 0 0
12 3 4
0 0 0 0 0 0 0 0 0 0 0 7
8 0 0 0 0 0 0 0 0 0 0 0
0 0 0 0 0 0 0 0 0 0 0 0
0 0 0 0 7 0 0 0 0 0 0 0
0 0 0 0 0 0 0 0 0 0 0 0
0 12 8 0 0 0 0 0 0 0 0 0
0 0 0 0 4 12 11 0 0 0 0 0
0 0 0 4 3 0 0 0 0 0 0 0
0 0 0 5 0 0 0 0 0 0 11 0
0 0 0 0 0 0 0 0 0 0 0 0
0 0 0 0 0 0 0 0 0 0 0 0
0 0 0 0 0 0 0 0 0 0 0 0
12 3 4
0 0 0 0 5 0 0 0 0 0 0 0
0 4 0 0 0 0 10 0 0 0 0 0
0 0 0 0 0 0 0 0 0 0 0 0
0 0 0 0 0 0 0 0 0 0 0 0
0 0 8 0 0 0 3 0 0 0 0 0
0 0 0 0 0 0 0 0 0 0 0 0
0 0 0 0 0 0 0 0 3 0 0 0
0 0 0 0 10 0 0 0 0 0 0 0
0 11 0 0 0 0 0 0 0 0 0 4
0 0 0 0 0 0 0 0 0 11 0 0
0 0 0 0 0 0 0 0 0 0 3 0
0 0 7 0 0 0 0 0 0 0 0 0
12 3 4
0 0 0 0 0 0 5 11 0 0 0 0
0 0 0 0 0 0 0 0 0 0 0 0
5 0 0 0 0 0 0 0 0 0 0 0
0 0 1 0 0 3 0 0 0 0 10 0
0 0 0 0 0 0 0 0 0 0 0 0
0 0 0 0 0 0 0 0 0 0 0 0
0 0 0 0 0 0 0 0 0 10 0 0
0 0 0 0 0 0 0 0 2 0 0 0
0 0 0 0 0 0 0 0 0 0 0 0
1 0 0 0 0 0 0 10 0 0 0 0
0 0 0 0 0 0 0 7 0 0 0 0
0 0 0 0 0 6 0 0 0 0 0 0
12 3 4
0 0 0 0 0 0 0 0 0 0 0 0
0 0 0 0 0 0 0 0 0 0 0 0
3 0 0 0 0 0 0 0 0 0 0 0
0 0 1 0 0 0 0 0 0 0 0 0
11 0 0 0 0 0 0 0 0 0 0 0
0 0 0 0 6 12 0 0 0 0 0 0
0 0 0 0 0 0 1 0 0 0 0 0
0 11 0 0 0 0 0 0 0 0 0 0
0 0 0 0 0 0 0 7 11 0 3 0
0 0 0 0 0 0 0 0 0 9 0 0
0 0 0 0 0 0 0 0 0 0 0 0
0 0 0 0 0 0 0 0 0 0 2 0
12 3 4
0 0 0 0 0 0 0 0 0 0 0 0
0 0 0 0 0 0 0 0 0 0 0 0
0 6 0 0 5 0 0 0 2 0 0 7
0 0 0 0 0 0 0 0 0 0 0 0
0 0 0 0 0 0 11 0 0 0 0 9
0 0 0 0 0 7 0 0 0 0 3 0
0 0 0 0 0 0 0 0 0 0 0 0
0 0 0 0 0 0 0 7 0 0 0 0
0 0 9 0 0 0 0 0 0 0 0 0
5 0 0 0 0 0 0 0 0 0 0 0
0 0 0 0 0 0 5 0 0 0 0 0
0 0 0 0 0 0 0 0 0 0 0 0
12 3 4
0 0 0 0 0 0 0 0 0 0 0 0
0 0 0 3 0 0 0 0 0 0 0 0
0 0 0 0 0 0 0 0 0 0 0 0
0 0 0 0 0 0 0 0 0 0 0 0
0 0 0 0 0 0 12 0 0 0 4 0
0 0 0 0 0 0 0 0 0 0 12 0
0 0 11 0 0 0 0 0 0 0 0 0
0 0 3 0 0 0 0 0 0 0 0 0
0 0 0 1 0 0 0 0 0 0 0 0
0 0 0 0 10 0 0 0 0 0 0 0
0 0 0 0 0 0 0 1 3 0 0 0
0 0 2 0 0 0 5 0 0 0 0 0
12 3 4
0 0 0 0 0 0 0 0 1 0 0 0
0 0 0 0 0 0 5 8 0 0 0 0
0 0 0 0 0 0 0 0 0 0 0 0
0 8 0 0 0 0 0 0 0 0 0 0
10 0 0 0 0 0 0 0 0 0 0 0
0 0 0 0 0 0 0 0 0 0 0 0
0 0 0 0 0 0 10 5 0 0 0 0
0 0 0 0 0 0 0 0 0 0 0 7
0 0 0 0 0 0 0 0 9 0 0 0
0 0 0 2 12 0 0 0 0 0 0 0
0 0 0 0 0 0 0 0 0 0 0 0
0 0 0 0 0 0 0 0 0 0 0 12
12 3 4
0 0 0 0 8 0 0 0 0 0 0 0
0 0 0 0 0 0 0 0 0 0 6 0
0 0 0 0 7 0 0 0 0 0 0 0
0 0 0 0 0 0 0 0 0 0 0 1
0 0 0 0 0 11 0 0 0 0 5 0
0 0 0 0 0 3 0 0 0 0 0 0
0 0 0 0 0 0 0 0 0 0 0 0
0 4 1 6 0 0 0 0 0 0 0 0
0 0 0 0 0 0 0 0 0 0 0 0
0 0 0 0 0 0 0 0 0 0 0 0
0 0 0 0 0 0 8 0 0 0 0 0
0 11 0 0 0 0 0 0 0 0 0 0
12 3 4
0 0 0 0 0 0 0 0 0 0 0 0
0 0 0 0 0 0 0 0 0 0 0 10
0 0 0 0 0 0 0 0 12 0 0 0
0 0 0 0 0 0 0 0 0 0 0 0
0 0 0 0 0 0 0 0 0 2 0 0
0 12 0 0 0 0 11 0 0 0 0 0
0 10 0 0 0 0 1 2 0 0 0 0
0 0 0 0 0 0 0 0 0 0 0 0
0 0 0 0 0 0 0 0 0 0 0 0
6 0 0 0 0 0 0 0 0 0 10 0
0 0 0 0 6 0 0 0 0 0 0 0
0 0 0 0 0 2 0 0 0 0 0 0
12 3 4
0 0 0 0 0 0 0 5 8 0 0 0
0 0 0 0 7 0 0 0 0 0 0 0
0 0 0 0 0 0 12 0 0 0 0 0
5 0 0 0 0 0 0 0 0 0 0 0
0 0 0 0 0 0 7 0 0 0 0 0
0 0 0 0 0 0 0 4 0 0 0 0
0 0 11 0 0 0 0 2 0 0 0 0
0 0 0 0 0 0 0 0 0 0 0 0
0 0 0 0 0 0 0 0 0 2 0 0
0 0 0 0 0 0 0 0 0 0 0 0
0 0 0 4 0 0 0 0 0 0 0 0
8 0 0 0 0 0 0 0 0 0 0 0
12 3 4
0 0 0 0 0 0 0 0 0 0 0 0
0 0 0 0 0 0 0 0 0 0 6 0
12 0 0 0 0 0 0 0 0 0 0 0
0 0 0 0 12 0 0 0 0 0 0 8
0 0 0 0 0 0 2 0 0 0 1 0
0 0 0 0 0 0 0 0 0 0 0 0
0 11 0 0 0 7 0 0 0 0 0 0
0 0 0 0 0 0 0 0 0 0 0 0
0 0 6 0 0 0 0 0 0 0 0 0
0 0 0 0 0 0 0 0 0 0 0 0
0 0 2 0 0 5 0 0 0 9 0 0
0 0 0 0 0 0 0 0 0 0 0 0
12 3 4
10 0 0 0 0 0 0 0 0 0 0 0
0 0 11 0 0 0 0 0 0 0 12 1
0 0 0 0 0 0 0 0 0 0 0 0
0 0 0 0 0 0 0 0 0 0 0 0
0 0 0 0 0 0 0 0 0 0 0 3
0 11 0 0 0 0 0 0 0 0 0 0
0 0 0 0 0 0 0 0 0 0 0 0
6 0 0 0 0 0 0 0 0 0 0 0
0 0 0 0 0 0 0 0 0 0 0 0
0 0 0 0 0 0 0 0 0 0 6 0
4 0 0 0 5 0 0 0 0 0 0 0
7 0 0 0 0 0 0 0 1 0 0 0
12 3 4
0 0 0 0 0 11 0 0 0 0 0 0
0 0 0 0 0 0 0 0 0 0 0 0
0 0 0 0 0 0 0 0 0 0 0 0
0 0 0 0 11 0 0 4 0 0 0 0
0 0 0 0 0 0 12 0 6 0 3 0
0 0 0 0 6 0 0 0 0 2 0 0
0 0 0 0 0 0 2 0 0 11 0 0
0 0 0 0 0 0 0 0 0 0 0 0
0 0 0 0 0 0 0 0 0 0 0 0
0 0 0 0 0 0 0 0 0 0 0 0
0 2 0 0 0 0 0 0 0 0 0 0
0 0 11 0 0 0 0 0 0 0 0 0
12 3 4
0 0 0 7 0 10 0 0 0 0 12 0
0 0 0 0 0 0 0 0 0 0 0 0
0 0 0 0 0 0 0 0 0 0 0 0
0 0 0 0 0 0 0 0 0 0 0 0
0 0 0 0 0 0 0 0 0 0 0 0
0 4 0 0 0 0 0 0 0 0 0 7
0 0 0 0 0 0 0 0 0 0 0 0
0 0 0 0 0 0 0 0 0 0 0 0
0 0 6 0 0 0 0 0 0 0 0 0
0 0 0 8 0 7 0 6 0 0 0 0
0 0 0 0 0 0 0 0 0 0 0 0
0 0 0 12 0 0 1 0 0 0 0 11
12 3 4
0 0 0 0 0 11 0 0 12 0 0 0
0 0 0 0 0 0 0 0 0 0 0 0
0 0 0 0 0 2 0 0 0 0 0 0
0 0 0 0 0 0 0 0 0 0 0 0
0 0 8 0 0 0 0 0 0 0 2 0
0 9 0 0 0 0 0 0 0 0 0 0
4 0 0 0 0 0 0 0 0 0 0 0
0 0 0 0 0 0 0 0 0 0 0 0
0 0 0 0 0 0 0 0 0 0 0 0
0 2 0 0 0 0 0 0 0 0 0 0
0 0 12 0 0 0 10 0 0 0 7 0
0 0 0 5 0 0 0 0 0 0 0 0
12 3 4
0 0 0 0 0 0 8 0 0 0 9 0
0 0 0 0 0 0 0 2 0 11 0 0
0 0 0 0 0 0 0 0 0 0 0 0
0 0 0 0 0 0 0 6 0 0 0 0
9 0 0 0 0 0 0 0 0 0 0 0
0 0 0 0 0 0 0 0 0 0 0 0
0 0 0 0 0 0 0 0 0 0 0 0
0 0 0 0 0 0 0 0 0 0 5 0
0 0 1 0 0 0 0 0 0 0 10 0
0 0 0 0 0 0 5 0 0 0 0 0
0 0 0 0 0 0 0 0 0 0 0 0
0 0 9 0 0 0 0 0 0 0 0 8
12 3 4
0 9 0 0 0 0 0 0 0 0 0 0
0 0 0 0 0 0 0 0 0 0 0 3
12 0 0 0 0 0 0 0 0 0 0 0
0 0 0 0 0 0 0 0 0 7 0 0
0 0 0 0 0 0 0 0 0 0 0 0
0 0 0 0 0 0 0 0 0 0 0 0
0 0 0 1 0 0 0 0 0 0 0 0
0 0 0 3 0 0 0 2 0 0 0 0
0 0 0 0 0 4 0 0 0 0 0 0
0 7 0 0 0 0 0 0 0 0 0 0
0 0 0 0 0 0 0 0 0 6 0 0
0 0 0 0 8 0 0 7 0 0 0 0
12 3 4
0 0 0 0 0 0 0 0 0 12 0 0
0 5 0 0 0 0 0 0 0 0 0 0
10 0 0 0 0 0 0 0 0 0 0 0
0 6 0 0 0 0 0 0 0 0 0 0
0 0 0 0 0 0 0 0 0 0 0 0
0 0 0 0 0 0 0 0 0 0 0 0
0 0 0 0 0 8 0 0 0 0 0 0
0 12 0 0 0 0 0 0 0 0 0 0
0 0 3 0 0 0 0 0 6 0 0 0
11 0 2 0 0 0 0 0 12 0 0 0
0 0 0 0 6 0 0 0 0 0 0 0
0 0 0 0 0 0 0 0 0 0 0 0
12 3 4
0 0 0 0 0 6 0 0 0 12 4 0
0 11 0 0 0 0 0 0 0 0 0 0
0 0 0 0 0 0 0 0 0 0 0 0
0 0 0 0 0 0 0 7 0 0 0 0
5 0 0 0 0 0 0 0 0 0 0 0
0 0 7 0 0 0 0 0 0 0 10 0
0 0 0 0 0 0 0 0 0 0 0 0
0 0 4 0 0 0 0 0 0 0 0 0
0 0 0 0 0 8 0 0 0 0 0 0
0 0 0 0 0 0 0 0 0 0 0 0
0 0 0 0 0 0 5 0 0 0 0 0
0 0 12 0 0 0 0 0 0 0 0 0
12 3 4
0 0 0 0 12 0 0 2 0 0 0 0
0 0 0 0 0 0 0 0 0 0 0 0
0 0 0 0 0 0 0 0 0 10 0 0
0 0 0 0 0 0 11 0 0 0 0 0
0 12 0 0 0 0 6 0 0 0 0 0
0 0 0 0 0 0 0 0 0 0 0 0
0 0 0 0 8 11 0 12 0 0 0 0
0 0 0 0 0 0 0 0 0 0 0 0
0 0 0 0 0 0 0 0 0 0 0 12
0 0 0 0 0 0 0 0 0 0 0 0
0 0 0 0 0 0 0 0 0 0 0 0
0 9 0 0 0 0 0 0 0 0 0 5
12 3 4
0 0 0 0 0 0 0 4 0 0 10 0
0 10 0 0 0 0 0 0 0 0 0 0
0 0 0 0 0 0 0 0 0 0 0 0
0 0 0 0 0 7 0 0 0 3 0 0
0 0 0 5 1 0 0 0 0 0 0 4
0 0 0 0 0 9 0 0 0 0 0 0
0 0 0 0 0 0 0 0 0 4 0 0
0 0 0 0 0 0 0 0 0 0 0 0
0 0 0 0 0 0 0 0 0 0 0 0
0 0 0 0 0 0 0 0 0 2 0 0
5 0 0 0 0 0 0 0 0 0 0 0
0 0 0 0 0 0 0 0 0 0 0 0
12 3 4
0 0 0 0 0 4 0 0 0 0 0 0
0 0 0 0 0 0 0 0 0 11 0 0
0 0 0 0 0 8 0 3 0 0 0 0
0 0 0 0 0 0 0 0 0 0 0 0
0 0 0 0 0 0 2 0 0 0 0 0
0 0 0 0 0 0 9 0 0 0 0 0
0 0 0 12 0 0 6 0 0 0 0 0
0 0 0 0 0 0 0 0 0 0 0 0
0 0 0 0 0 10 0 8 3 0 0 0
0 0 0 0 0 0 0 0 0 0 0 0
0 0 0 0 0 0 0 0 0 0 0 0
0 0 9 0 0 0 0 0 0 0 0 0
12 3 4
2 0 0 6 0 0 8 0 1 0 0 0
0 0 0 0 0 0 0 12 0 0 0 0
0 0 0 0 0 0 0 0 0 0 0 0
0 0 0 0 0 0 0 0 0 0 0 0
0 0 0 0 0 0 0 10 0 0 0 0
0 0 0 0 0 0 0 0 0 0 0 0
0 0 0 0 12 0 0 0 0 0 0 0
0 5 0 0 0 0 0 0 0 0 0 0
0 0 11 0 0 0 0 0 4 0 0 0
0 0 0 0 0 0 3 0 0 0 0 0
0 0 0 0 0 0 0 0 0 0 0 0
0 0 0 0 0 0 0 9 0 0 0 0
12 3 4
0 0 0 0 0 0 0 0 0 0 0 0
12 0 4 0 0 5 0 0 0 0 0 0
0 0 0 0 0 0 0 0 0 0 6 0
0 0 0 0 0 0 0 0 0 0 0 0
0 0 0 0 0 0 0 0 0 0 0 0
0 0 0 0 0 0 3 0 0 0 0 0
0 0 0 0 0 0 0 0 6 0 8 0
0 0 0 0 0 0 0 0 0 0 0 0
0 0 0 0 0 0 1 0 0 0 0 0
0 0 0 0 0 0 0 0 0 0 0 0
7 0 2 0 0 0 0 0 0 0 0 0
5 0 8 0 0 0 0 0 0 0 0 0
12 3 4
0 0 0 0 0 0 0 8 0 0 0 0
0 0 0 0 0 0 0 7 0 0 0 0
0 0 6 0 11 0 0 0 0 0 0 12
0 0 0 0 0 0 0 0 0 0 0 0
0 0 0 0 0 0 0 0 0 0 0 0
0 4 7 0 5 0 0 0 0 0 0 0
0 0 0 0 0 0 4 0 0 0 0 0
0 0 0 0 0 0 0 0 0 0 0 0
0 0 0 0 0 0 0 0 0 0 0 0
0 1 0 0 0 0 11 0 0 0 0 0
8 0 0 0 0 0 0 0 0 0 0 0
0 0 0 0 0 0 0 0 0 0 0 0
12 3 4
0 0 0 0 0 0 0 0 0 0 0 0
0 0 0 0 0 0 0 0 0 0 8 0
0 0 0 0 0 0 0 0 6 0 7 1
0 0 0 0 0 0 0 0 0 0 0 0
0 0 0 0 0 0 0 0 0 0 2 0
0 0 0 0 0 0 1 0 11 0 0 0
0 0 0 0 0 0 0 9 0 0 0 0
0 0 0 0 0 0 0 0 0 0 0 0
0 0 0 0 0 0 0 0 0 0 0 12
11 0 0 0 0 0 0 7 0 0 0 0
0 0 0 0 0 0 0 0 0 0 0 6
0 0 0 0 0 0 0 0 0 0 0 0
12 3 4
0 0 1 0 0 0 0 0 0 0 8 0
0 0 0 8 0 0 0 0 0 4 0 6
0 0 0 0 0 0 0 0 0 0 0 0
0 0 0 0 0 0 0 2 0 0 0 0
0 0 0 0 0 10 0 0 0 0 11 0
0 0 0 0 0 0 0 0 0 0 0 0
0 0 0 11 0 0 0 0 0 0 0 0
0 0 0 0 0 0 0 0 10 0 0 0
0 0 0 0 7 0 0 0 0 0 0 0
0 0 0 0 0 0 0 0 0 0 0 0
0 0 0 0 0 0 0 0 0 0 0 0
0 0 0 0 0 0 0 11 0 0 0 0
12 3 4
0 0 0 0 0 0 0 0 0 0 0 0
0 4 0 0 0 0 0 0 0 0 0 0
0 0 0 0 0 0 0 0 0 0 0 11
0 0 0 0 5 0 0 0 0 0 0 0
0 0 0 0 0 0 0 2 0 0 0 0
0 0 0 0 0 0 0 0 0 0 0 0
0 0 0 0 0 0 0 0 0 0 1 0
0 0 0 0 0 0 0 4 0 0 0 0
0 0 0 8 0 0 0 1 0 0 0 0
0 0 0 0 0 0 0 11 0 5 0 0
0 0 0 0 0 0 0 0 11 10 0 0
0 0 0 0 0 0 0 0 0 0 0 0
12 3 4
0 1 0 0 0 0 0 6 0 0 0 0
0 0 0 0 0 0 0 0 4 0 9 0
0 0 0 0 0 10 0 0 0 0 0 0
0 0 0 0 0 0 0 0 0 0 0 0
0 0 0 0 0 0 0 10 0 11 0 0
0 0 0 0 0 0 0 0 6 0 0 0
0 0 0 0 0 4 0 0 0 0 0 0
0 0 0 0 0 0 0 0 0 0 0 0
0 0 0 0 0 0 0 0 0 0 0 0
0 0 0 0 0 0 10 0 0 0 0 0
0 0 0 0 0 0 0 0 0 0 0 0
6 0 0 0 0 8 0 0 0 0 0 0
12 3 4
0 0 0 0 0 0 0 0 0 0 0 0
0 0 0 0 0 0 0 0 0 0 0 0
0 0 0 0 0 0 0 0 0 0 0 0
0 0 0 2 0 0 0 0 0 0 0 0
0 0 0 0 0 0 0 0 0 0 0 0
0 0 0 0 0 0 4 0 0 0 0 0
0 0 0 0 0 0 0 0 0 0 0 0
0 0 0 0 0 0 0 0 3 0 0 0
0 0 0 0 0 11 0 0 2 0 0 0
0 0 0 0 8 0 0 0 0 10 0 0
0 0 0 0 11 0 0 0 0 0 3 0
12 0 0 6 0 0 0 10 0 0 0 0
12 3 4
0 0 0 0 10 0 0 6 0 0 0 0
0 0 0 0 0 0 0 0 0 0 0 0
0 0 0 0 0 0 0 0 0 0 0 0
0 0 0 0 9 0 0 0 0 0 0 0
0 0 0 0 0 0 0 0 7 0 0 0
0 7 0 0 0 0 0 0 0 0 0 0
0 0 0 0 0 0 4 0 0 0 0 0
0 0 0 0 0 0 0 0 3 0 0 0
0 0 0 0 0 0 0 0 0 0 0 0
0 0 0 0 0 0 0 0 0 0 11 0
0 0 0 0 0 0 8 0 0 0 3 0
12 0 0 0 0 9 0 0 0 0 0 0
12 3 4
0 0 1 0 0 0 0 0 0 0 0 0
0 0 0 0 8 0 0 0 0 0 0 9
0 0 0 0 0 0 0 0 0 0 0 0
6 0 0 10 0 0 0 0 0 0 0 0
0 0 11 0 0 10 0 0 0 0 0 0
0 0 0 0 0 0 0 0 0 3 0 0
0 0 0 0 0 0 0 0 0 0 0 0
0 10 0 0 0 0 0 0 0 0 0 1
0 0 0 0 0 0 0 0 0 0 0 0
0 0 0 0 0 0 0 0 0 0 0 0
12 0 0 0 0 0 0 0 0 0 0 0
0 0 0 0 0 0 11 0 0 0 0 0
12 3 4
0 0 4 0 0 0 0 0 0 0 0 0
0 0 0 0 0 0 0 1 0 0 0 0
0 0 12 0 0 0 0 0 0 0 0 0
4 0 0 0 0 0 0 0 0 0 0 0
0 0 0 0 0 0 0 0 0 0 0 0
0 9 0 0 0 0 0 0 3 0 0 1
0 3 10 0 0 0 0 0 0 0 0 0
0 0 0 0 0 0 0 0 0 0 0 0
0 0 0 0 0 0 0 0 0 5 0 0
0 0 0 0 0 0 0 0 0 0 0 0
0 0 0 0 0 0 3 0 0 0 0 0
10 0 0 0 0 0 0 0 0 0 0 0
12 3 4
0 0 0 0 0 0 0 0 0 0 0 0
0 0 0 0 4 0 0 0 0 0 0 0
0 2 0 0 0 0 0 0 0 0 0 11
0 7 0 0 0 0 0 0 0 0 0 0
0 0 0 0 0 0 0 0 0 0 0 0
0 0 0 0 0 0 0 0 0 0 0 0
0 0 0 0 0 8 0 0 0 0 0 0
0 0 0 0 0 0 0 0 10 6 0 0
0 0 0 0 0 0 0 0 0 0 0 0
0 0 0 0 3 0 0 0 0 0 7 0
0 0 0 0 0 7 0 0 0 0 0 0
0 4 0 0 0 0 0 0 0 0 0 10
12 3 4
0 0 0 0 0 5 0 0 0 0 7 0
0 0 0 0 0 0 0 0 0 0 0 0
0 0 0 0 0 0 0 0 0 0 0 0
0 0 0 0 1 0 0 0 0 0 0 0
0 0 0 0 0 0 0 0 0 0 0 0
0 0 0 0 0 0 0 0 0 9 0 0
0 0 0 0 9 0 0 0 0 0 0 0
1 0 0 0 0 0 0 6 0 0 0 0
0 0 0 0 0 0 0 0 0 0 0 0
0 0 0 0 0 0 0 9 0 0 12 0
11 0 1 0 0 0 0 0 0 0 0 0
0 0 0 0 0 3 0 0 0 0 0 0
12 3 4
0 0 0 0 0 0 0 0 0 0 0 0
0 0 0 0 0 0 0 0 0 0 0 0
0 0 0 0 0 0 1 0 0 2 0 9
0 0 0 0 0 0 0 0 0 0 0 0
0 0 0 0 0 0 0 0 0 4 0 0
0 7 0 0 0 0 0 0 0 0 0 0
0 0 0 0 0 0 0 0 0 0 5 0
0 0 0 0 0 0 0 0 0 0 0 10
0 0 0 0 0 11 0 0 0 0 0 0
4 0 0 0 0 0 0 0 0 0 0 0
0 0 0 0 0 0 0 5 0 0 0 0
8 0 12 0 0 0 0 0 0 0 0 0
12 3 4
0 0 0 0 0 0 0 0 0 0 0 6
0 0 0 0 0 0 0 0 0 0 0 0
0 0 12 0 0 0 0 0 0 0 0 0
0 0 0 0 0 0 0 0 0 0 0 0
0 0 5 0 0 0 0 0 0 0 0 0
3 0 0 0 0 0 0 0 0 0 0 0
0 0 0 1 0 5 0 0 0 0 10 0
0 0 0 0 0 0 0 0 9 0 0 0
0 0 0 0 0 0 0 0 0 1 0 0
0 0 0 0 0 0 0 0 0 0 9 0
0 0 0 0 0 7 0 0 0 0 0 0
0 0 0 0 0 0 0 0 0 0 2 0
12 3 4
0 0 0 0 0 0 9 0 0 0 0 0
0 0 0 0 0 0 0 0 0 0 0 0
0 0 0 0 0 0 0 0 0 0 0 0
0 0 0 0 0 0 0 0 0 0 0 0
0 10 0 0 0 0 0 0 0 0 0 0
12 0 0 11 0 0 0 0 0 0 0 5
0 0 0 0 0 0 0 0 0 0 0 0
0 0 0 0 0 0 10 0 0 0 0 0
0 0 0 0 0 0 0 0 1 0 0 0
0 0 0 0 7 0 0 6 0 0 0 0
9 0 12 0 0 0 0 0 0 0 0 0
3 0 0 0 0 0 0 0 0 0 0 0
12 3 4
0 0 8 0 0 0 0 0 0 0 0 0
0 0 0 0 2 0 0 0 0 0 0 0
0 0 0 0 0 0 0 0 0 8 0 0
0 0 6 0 0 0 0 0 0 0 0 0
2 11 9 0 0 0 0 0 0 0 0 0
0 0 0 10 0 1 0 0 12 0 0 11
7 0 0 0 0 0 0 0 0 0 0 0
0 0 0 0 0 0 0 0 0 0 0 0
0 0 0 0 0 0 0 0 0 0 0 0
0 0 0 0 0 0 0 0 0 0 0 0
0 0 0 0 0 0 0 0 0 0 0 0
0 0 0 0 0 0 0 0 0 0 0 0
12 3 4
0 0 0 0 0 0 0 0 0 0 0 0
0 0 0 0 0 12 0 0 0 0 0 0
0 0 0 0 0 0 0 0 0 0 0 0
0 0 0 0 0 0 0 0 0 0 0 0
0 0 0 0 0 0 0 12 0 0 0 0
0 0 5 0 0 0 0 0 2 3 0 0
0 0 0 0 0 0 0 0 0 0 0 6
0 0 11 0 0 0 0 0 0 0 0 2
0 4 0 0 6 0 0 0 0 0 0 0
0 0 0 0 0 0 0 0 0 0 0 0
0 0 1 0 0 0 0 4 0 0 0 0
0 0 0 0 0 0 0 0 0 0 0 0
12 3 4
0 0 0 0 0 0 0 0 0 0 0 3
0 0 4 0 0 0 0 0 0 0 7 0
8 0 0 0 0 0 0 10 0 0 0 0
0 0 0 0 0 0 5 0 0 0 0 0
0 0 0 0 0 0 0 0 0 0 0 0
0 0 0 11 4 0 0 0 0 0 0 0
0 0 0 0 0 0 0 0 0 0 0 0
0 0 0 0 0 0 0 9 0 0 0 0
2 8 0 0 0 0 0 0 0 0 0 0
0 0 0 0 0 0 0 0 0 0 0 0
0 0 0 0 0 0 0 0 0 0 0 0
3 0 0 0 0 0 0 0 0 0 0 0
12 3 4
0 0 0 0 0 0 0 0 0 0 0 0
0 0 0 0 0 2 11 0 0 0 0 0
0 0 0 8 0 0 0 0 0 0 0 0
0 0 0 0 0 0 0 12 0 0 0 0
0 0 0 0 0 0 0 0 2 10 0 0
0 0 0 3 0 0 0 0 0 0 0 4
0 0 0 0 0 0 0 0 0 0 0 0
0 0 0 0 0 0 0 0 0 0 0 0
0 1 0 0 0 0 0 0 0 0 0 0
0 0 0 0 0 0 0 0 0 0 0 0
0 0 0 0 0 0 7 9 0 0 0 0
0 0 0 0 0 0 3 0 0 0 0 0
12 3 4
0 0 0 0 0 0 0 0 0 0 0 0
0 0 0 0 0 0 0 7 0 0 0 0
0 0 0 4 0 0 0 0 2 0 0 0
0 0 0 0 0 0 0 0 0 0 0 0
0 5 0 0 4 0 0 0 0 0 0 0
0 0 0 0 0 0 0 0 0 0 0 0
0 0 0 0 1 0 0 0 0 0 0 0
0 0 0 0 0 2 0 0 0 0 0 0
0 0 0 0 10 0 0 0 0 0 0 0
0 0 0 0 0 0 0 2 0 0 0 0
0 0 0 0 0 0 0 6 0 0 2 0
7 0 0 0 0 0 0 0 0 0 0 0
12 3 4
0 0 0 0 0 0 0 0 0 0 0 0
0 0 0 0 0 0 0 3 0 0 0 0
0 0 0 0 0 0 0 0 0 0 0 0
0 6 0 0 0 0 0 0 0 0 0 5
4 0 0 0 0 0 0 0 0 0 0 0
0 3 0 0 0 0 0 0 0 0 0 0
0 0 0 0 0 7 0 0 0 0 0 0
0 0 0 0 0 1 0 4 0 0 0 7
0 0 0 0 0 0 5 0 0 9 0 0
0 0 0 0 0 0 0 0 2 0 0 0
0 0 0 0 0 0 0 0 0 0 0 0
0 0 0 0 0 0 0 0 0 0 0 0
12 3 4
0 0 0 0 0 0 6 12 0 0 5 0
0 0 0 0 0 0 0 0 0 0 0 0
0 11 0 0 0 0 0 0 0 0 0 0
1 0 0 0 0 0 0 0 0 0 0 0
0 0 0 0 0 0 2 0 0 0 0 0
0 0 0 0 0 0 0 0 0 0 0 0
0 0 0 0 0 0 12 0 0 0 0 0
0 0 0 0 0 0 0 0 0 0 0 0
0 5 0 0 0 0 0 0 0 0 0 0
0 0 0 0 0 0 0 0 0 0 0 0
0 0 0 0 0 5 0 0 0 8 0 0
0 0 0 5 0 0 0 0 10 0 0 0
12 3 4
0 0 0 0 0 0 0 0 0 0 0 0
0 0 0 0 0 12 0 0 10 0 0 0
0 0 0 0 0 0 0 0 0 0 0 0
0 0 0 0 0 0 0 0 0 0 0 0
6 0 4 0 0 0 0 0 0 0 0 0
0 0 0 0 0 0 0 0 0 0 12 0
0 0 0 0 0 0 0 0 0 0 0 0
10 0 0 0 0 0 0 0 0 0 0 0
0 0 0 0 0 0 0 0 0 0 0 0
0 0 0 5 0 0 0 0 0 0 0 0
0 0 0 0 0 0 0 0 7 0 11 1
1 0 0 0 0 0 0 4 0 0 0 0
12 3 4
0 0 0 0 0 0 0 0 0 0 0 0
0 0 0 0 0 0 0 0 0 0 0 0
12 0 0 0 0 0 0 0 4 0 0 0
0 0 0 0 0 0 0 0 0 0 0 0
0 0 0 0 0 0 0 0 0 0 0 0
0 0 0 0 0 0 2 10 0 0 0 6
0 0 0 3 0 0 0 5 0 7 0 0
0 0 0 0 0 0 0 0 0 0 0 9
0 0 0 0 0 0 0 0 0 0 0 0
0 0 1 0 0 0 0 0 0 0 0 0
0 0 7 0 0 0 0 0 0 0 0 0
0 0 0 0 0 0 0 0 7 0 0 0
12 3 4
0 0 0 0 0 0 0 0 0 0 0 0
0 0 12 0 0 8 0 0 0 9 0 0
0 0 0 0 0 0 0 0 0 0 0 0
0 0 8 0 0 0 0 0 0 0 0 0
0 0 0 0 0 0 0 7 0 8 0 0
0 0 0 0 0 0 0 0 0 0 0 0
0 0 0 12 0 0 0 0 0 0 0 0
0 0 0 0 0 6 0 0 0 0 0 0
0 0 0 0 0 0 0 0 0 0 0 0
0 0 0 0 0 0 10 0 0 0 0 11
0 0 0 0 0 0 0 0 0 0 0 0
8 0 0 0 0 0 0 0 0 0 2 0
12 3 4
0 0 0 0 0 0 0 0 0 0 0 0
0 0 0 0 0 0 0 0 0 0 0 0
0 0 7 0 0 0 0 0 0 0 0 0
0 0 0 0 0 0 0 0 0 0 0 0
0 4 0 0 0 0 0 0 0 6 3 0
0 0 0 0 0 0 0 7 0 0 0 0
0 0 0 0 0 0 0 0 0 0 0 0
0 0 0 0 0 0 0 0 0 0 0 0
0 0 0 0 1 0 0 0 0 0 0 0
0 0 12 0 0 0 0 0 0 0 8 0
0 0 5 0 0 0 0 0 0 0 0 1
0 3 0 0 0 0 8 0 0 0 0 0
12 3 4
0 0 0 3 0 0 0 0 0 0 0 0
0 0 0 0 0 0 0 0 0 0 0 0
0 0 0 0 0 0 0 10 0 0 0 0
0 0 0 0 0 0 0 0 1 0 0 6
0 0 0 0 0 0 0 0 0 0 0 0
0 0 0 0 0 0 0 0 12 0 7 0
0 5 0 2 0 0 0 1 7 0 0 0
0 0 0 0 0 0 0 0 0 0 0 0
0 0 0 0 0 0 0 0 0 0 0 0
0 0 0 0 0 12 0 0 0 0 0 0
0 0 0 0 0 0 0 0 0 0 0 0
0 8 0 0 0 0 0 0 0 0 0 0
12 3 4
0 0 0 0 0 0 0 1 0 0 0 0
0 0 0 3 0 0 0 5 0 0 0 0
0 0 0 0 0 0 0 0 0 0 0 0
0 0 2 0 0 0 0 0 5 0 0 0
0 0 0 0 0 0 0 0 0 1 0 0
0 0 0 0 0 0 0 0 0 0 0 9
0 0 0 0 0 12 0 0 0 0 0 0
0 0 0 0 0 0 0 0 0 0 0 0
7 0 0 0 0 0 0 0 0 0 0 0
0 0 0 0 0 0 0 0 0 0 0 0
0 0 0 0 0 0 0 0 0 0 0 11
0 0 6 0 0 5 0 0 0 0 0 0
12 3 4
0 0 0 0 0 0 0 0 0 0 0 0
0 0 0 0 0 0 0 0 9 0 0 0
0 0 0 0 0 0 0 0 0 0 0 7
0 0 12 1 0 0 0 0 0 0 0 0
0 0 0 0 0 0 0 0 0 0 0 0
0 0 0 0 0 0 0 0 0 0 0 0
0 0 0 6 0 0 0 0 0 0 0 5
0 0 0 4 0 0 0 7 0 0 0 0
0 0 0 0 0 0 0 0 0 0 0 0
0 0 0 2 7 0 0 0 0 0 0 0
0 0 0 0 0 0 0 0 0 0 0 0
0 6 0 0 0 0 0 0 0 0 7 0
12 3 4
0 0 0 0 0 0 0 0 0 0 0 12
0 0 0 0 0 0 0 0 0 0 0 0
0 0 0 0 0 0 0 0 0 0 8 0
0 0 0 0 0 0 0 0 0 0 6 0
0 0 11 0 0 0 0 0 0 0 0 0
0 0 0 0 0 0 0 0 0 0 0 0
10 5 0 0 0 3 0 0 0 0 0 0
8 0 0 0 0 0 0 0 0 0 0 0
0 0 0 0 0 0 0 0 0 0 0 0
2 0 0 0 0 0 0 0 0 0 0 7
0 0 0 6 0 0 0 0 0 0 0 0
0 0 0 0 0 1 0 0 0 0 0 0
12 3 4
0 0 0 0 0 0 0 0 0 8 0 0
0 0 0 0 0 0 0 0 0 0 0 0
0 11 3 0 0 0 0 0 0 0 4 12
0 0 0 0 0 0 0 6 0 0 0 0
0 0 0 0 0 0 0 0 0 0 0 0
0 0 0 0 5 0 0 0 0 0 6 0
0 0 0 0 0 0 0 0 0 0 0 0
6 0 0 0 0 0 0 12 0 0 0 0
0 0 0 0 0 0 0 0 0 0 0 0
0 0 0 0 0 0 0 0 0 0 0 0
0 8 0 0 0 0 0 1 0 0 0 0
0 0 0 0 0 0 0 0 0 0 0 0
12 3 4
0 0 0 0 0 0 0 0 0 0 0 0
0 0 0 0 0 0 5 0 0 9 0 0
7 0 0 0 0 0 0 0 0 0 0 0
0 0 0 0 0 0 7 0 0 0 0 0
0 0 0 0 10 0 0 11 0 0 0 0
0 0 0 0 0 0 0 0 0 0 0 0
0 2 6 0 0 0 0 0 0 0 0 0
9 0 0 1 0 0 0 0 0 0 0 0
0 0 0 0 0 0 0 0 0 0 0 0
0 0 0 0 0 7 0 0 0 0 0 0
0 0 0 0 11 0 0 0 0 0 0 0
0 0 0 0 0 0 0 0 0 0 0 0
12 3 4
0 0 0 0 2 0 0 0 0 0 12 0
0 0 0 0 0 0 0 0 0 0 0 0
0 0 0 0 0 0 0 0 0 0 0 0
0 0 0 0 7 6 0 0 12 0 0 0
0 0 0 5 0 0 0 0 0 0 0 0
0 0 0 0 0 0 0 0 0 0 0 5
0 0 0 0 0 0 0 0 0 0 0 0
0 0 0 0 0 0 0 8 0 0 0 0
0 0 0 0 0 0 0 0 0 2 1 0
0 0 0 11 0 0 0 3 0 0 0 0
0 0 0 0 0 0 0 0 0 0 0 0
0 0 0 0 0 0 0 0 0 0 0 0
12 3 4
0 0 0 0 0 0 0 0 0 0 0 0
11 4 0 0 0 0 9 0 0 3 0 0
0 0 0 0 0 0 0 0 0 0 0 8
0 10 0 0 0 0 0 0 0 0 0 0
0 0 0 0 0 0 0 0 0 0 0 0
0 0 0 0 0 9 0 0 0 0 0 0
0 8 0 0 0 0 0 0 0 0 0 0
0 0 0 0 0 0 7 0 0 0 0 0
0 0 0 0 0 0 0 0 12 0 0 0
0 0 0 0 0 0 0 0 0 0 0 0
0 12 0 0 0 0 0 0 0 0 0 0
0 0 0 0 0 0 0 0 0 0 5 0
12 3 4
0 0 0 0 0 0 0 0 12 0 0 0
0 0 0 0 0 0 0 0 0 0 0 0
0 5 0 0 0 0 0 0 2 0 0 0
0 0 0 0 0 0 0 0 0 0 0 0
0 0 0 0 0 0 0 0 0 0 8 0
0 0 0 0 0 0 0 0 0 0 0 0
11 0 0 0 3 0 0 12 0 0 0 0
0 0 0 1 0 0 0 0 0 0 0 0
0 0 6 0 0 0 0 0 0 0 0 0
10 0 0 0 0 0 0 0 0 0 0 0
0 0 0 9 0 0 0 0 0 0 0 0
0 0 0 0 0 0 0 5 0 0 0 0
12 3 4
0 0 0 0 0 0 0 0 0 0 0 12
0 4 0 0 0 0 0 7 0 5 0 0
0 0 0 0 0 0 0 0 0 0 0 0
0 0 0 0 0 0 0 0 0 0 0 0
0 0 0 0 10 11 0 0 0 0 0 0
0 0 0 0 0 0 0 0 0 0 0 0
0 0 0 0 0 0 10 8 0 0 0 0
0 0 0 0 0 0 0 0 0 0 0 3
0 0 0 0 0 0 0 0 0 0 0 0
0 8 0 0 0 0 2 0 0 0 0 0
0 0 0 0 0 0 0 0 0 0 0 8
0 0 0 0 0 0 0 0 0 0 0 0
12 3 4
0 0 0 0 0 0 0 0 0 0 0 0
0 0 0 0 0 0 0 0 0 0 4 0
0 0 0 11 0 0 7 0 0 0 0 0
0 0 0 2 0 0 1 0 0 0 12 0
0 0 0 0 0 0 11 0 0 0 0 0
0 0 0 0 0 0 0 0 0 0 0 0
0 0 0 0 0 0 0 0 0 0 0 0
0 0 0 0 0 0 0 0 0 0 0 0
0 0 0 0 0 0 2 0 0 8 0 0
0 0 0 0 0 0 0 0 0 0 0 0
0 0 11 0 0 0 0 0 0 0 0 0
0 0 0 3 0 0 8 0 0 0 0 0
12 3 4
0 0 0 0 0 0 0 0 0 0 0 0
0 0 0 9 0 0 0 2 0 0 0 0
11 0 0 0 0 0 0 0 0 8 0 0
0 0 12 0 0 0 0 0 0 3 0 0
0 0 0 0 0 0 0 5 0 0 0 0
0 0 0 11 0 0 0 0 0 0 0 0
0 0 0 0 0 0 0 0 0 0 0 0
0 0 0 0 0 11 0 0 0 0 0 0
0 9 0 0 0 0 0 0 0 0 0 0
0 3 0 0 0 0 1 0 0 0 0 0
0 0 0 0 0 0 0 0 0 0 0 0
0 0 0 0 0 0 0 0 0 0 0 0
12 3 4
0 0 0 0 0 0 0 0 0 0 0 5
0 0 0 0 0 0 0 4 0 0 0 0
0 0 0 0 0 0 0 0 0 0 0 0
0 0 0 0 1 0 0 0 0 0 0 0
0 0 0 0 12 2 0 0 0 0 11 0
0 0 0 0 0 0 9 0 0 0 0 0
0 0 0 1 0 0 0 0 0 3 0 0
0 0 0 0 0 0 0 0 0 0 0 0
0 0 0 0 0 0 0 0 0 0 0 0
0 3 0 0 0 0 0 0 0 0 0 0
0 12 0 0 0 0 0 0 0 0 0 0
0 0 0 0 0 0 3 0 0 0 0 0