12 3 4
0 0 0 1 10 0 0 0 3 0 7 4
7 0 0 6 0 0 9 0 0 0 0 0
0 0 0 3 12 0 0 8 0 0 0 0
0 0 0 0 0 10 4 0 0 0 0 0
0 12 2 10 11 1 5 0 9 0 0 6
0 0 7 4 0 0 0 6 8 3 12 0
6 0 0 8 7 0 0 4 0 0 10 3
1 2 0 0 3 0 12 0 0 5 0 0
0 3 0 0 2 0 0 11 6 0 0 0
0 0 0 0 0 0 0 0 0 0 0 12
11 0 9 12 0 0 0 0 1 0 3 0
5 10 0 2 0 6 0 12 11 0 9 7
12 3 4
6 3 0 11 7 0 0 0 2 10 1 0
0 8 0 0 0 11 0 0 4 3 0 0
9 1 0 0 0 2 12 0 0 0 0 0
0 10 0 0 0 0 0 0 0 11 0 9
0 9 0 0 0 8 0 11 0 1 3 0
0 0 5 0 0 0 0 9 0 0 4 8
7 0 0 12 0 0 0 2 0 4 5 3
1 0 3 2 0 10 0 0 6 0 0 0
0 0 0 0 9 0 3 0 1 0 0 0
11 7 0 0 0 0 0 0 12 0 2 0
2 0 0 5 3 7 0 0 0 0 11 0
0 0 0 4 8 1 0 0 5 0 9 7
12 3 4
0 0 0 0 6 0 0 5 12 0 0 4
0 0 0 0 0 9 7 0 0 0 6 0
8 0 0 6 0 3 0 12 0 0 0 7
1 0 0 0 2 0 11 9 0 0 0 8
0 0 0 3 0 0 0 10 5 0 9 0
0 0 0 9 0 0 0 6 0 1 10 0
10 4 11 0 0 0 0 0 0 2 0 0
0 2 0 8 9 0 0 0 7 0 0 0
0 0 0 0 7 2 0 8 0 0 0 5
0 0 0 10 5 0 6 0 11 8 0 1
12 0 0 4 8 1 0 3 2 0 0 9
0 9 0 0 11 7 0 2 6 0 4 0
12 3 4
9 0 6 0 0 5 0 0 0 2 4 1
0 0 0 0 12 2 11 0 7 0 0 5
0 3 0 0 0 0 6 7 0 0 0 0
4 8 0 11 0 0 10 0 0 0 0 0
0 7 9 0 8 3 0 0 0 0 0 0
0 0 0 1 0 0 4 9 11 0 0 0
0 9 0 0 0 0 0 0 0 3 0 0
1 0 12 7 0 8 3 10 0 0 0 0
2 0 0 0 0 12 7 4 0 0 9 8
10 0 3 0 0 0 5 8 0 0 12 11
0 12 0 6 3 9 0 0 5 0 0 0
0 0 0 2 4 6 12 0 10 0 0 0
12 3 4
3 0 1 10 0 9 0 6 0 11 7 0
0 5 0 4 7 0 0 0 0 8 2 0
0 0 2 0 0 1 0 0 5 0 0 0
0 10 0 0 9 0 0 0 6 0 0 8
7 9 3 12 0 0 0 4 0 0 0 0
0 11 0 0 12 0 0 5 0 3 0 10
5 0 0 7 2 10 0 0 0 0 0 0
0 0 12 11 0 7 0 3 0 0 4 9
9 0 0 6 0 0 0 0 10 0 0 0
1 7 0 0 10 3 0 2 8 12 0 0
11 6 0 0 0 0 0 9 0 4 0 0
0 0 0 0 11 0 0 0 0 6 9 0
12 3 4
0 0 0 0 0 0 0 0 0 0 0 11
0 1 0 2 0 10 0 3 0 9 8 6
10 0 0 3 0 0 0 0 0 0 1 0
9 0 0 0 12 0 0 11 0 4 2 5
0 3 8 1 0 7 0 9 11 0 0 0
4 10 0 0 0 5 0 0 0 0 3 0
0 0 12 10 4 0 5 0 9 0 0 0
0 5 0 0 0 8 6 0 12 0 0 0
7 0 0 0 0 0 0 0 0 0 0 0
0 0 3 9 2 0 4 6 0 0 0 0
8 0 4 11 0 1 0 0 0 6 12 2
2 0 0 7 11 9 0 0 0 8 5 3
12 3 4
5 8 0 0 0 0 0 0 10 0 1 0
0 0 0 0 0 0 0 8 12 0 0 0
0 0 0 0 4 0 10 1 0 11 0 0
0 7 0 0 0 9 0 0 2 0 0 0
4 10 0 0 6 12 0 0 0 0 3 5
0 0 0 1 11 10 0 0 0 0 8 9
10 9 0 0 0 0 6 4 0 0 0 0
7 1 5 2 0 0 11 0 6 9 0 0
8 0 0 11 5 0 1 12 0 0 7 0
0 11 0 0 0 0 0 10 0 7 0 6
0 0 6 0 8 0 0 9 1 0 0 2
1 12 0 5 3 0 0 0 8 0 11 0
12 3 4
9 0 0 0 0 1 0 0 0 0 0 0
0 0 0 12 0 0 0 0 1 9 0 0
11 8 6 3 9 0 7 0 0 0 0 0
10 9 1 0 6 0 0 2 0 12 0 0
6 0 0 0 7 0 1 0 0 5 0 0
7 12 0 0 5 9 0 4 8 0 6 11
3 0 12 0 0 0 4 7 9 0 2 0
1 6 0 0 10 2 0 0 0 0 5 0
0 11 0 0 8 0 5 0 0 0 10 0
0 0 2 0 0 0 0 0 4 0 0 12
8 1 0 4 11 0 0 0 0 0 3 7
0 5 0 6 0 10 0 0 0 0 0 0
12 3 4
0 0 0 8 0 0 0 7 1 0 0 0
0 0 2 0 0 0 0 11 0 4 0 0
11 0 0 0 0 6 0 10 8 0 12 0
0 12 0 0 9 0 11 2 0 8 0 0
0 0 0 0 0 7 0 1 0 0 0 5
1 7 9 3 10 12 4 6 0 0 11 0
0 0 0 0 6 0 0 0 0 0 0 0
0 2 0 0 0 10 0 0 4 5 0 9
3 0 0 6 0 0 0 0 7 2 0 10
0 0 0 4 0 0 0 12 11 0 9 0
10 0 11 0 8 0 0 4 5 7 0 1
0 3 12 0 0 0 0 5 10 6 8 0
12 3 4
0 0 10 0 0 8 0 6 9 0 4 0
9 12 8 0 0 5 0 10 0 11 0 0
11 0 2 4 0 1 7 3 0 0 0 5
0 0 0 0 8 0 0 0 0 0 0 12
0 1 6 0 12 0 0 0 0 0 0 2
0 8 3 10 2 4 0 0 6 0 0 0
0 0 11 0 0 6 0 8 7 0 0 0
4 0 0 0 7 0 0 0 11 0 0 10
12 6 5 0 4 2 1 0 0 0 9 0
0 0 0 6 0 0 10 2 1 0 0 0
0 3 7 0 0 0 0 0 0 0 0 11
1 0 4 0 0 0 5 0 0 7 0 0
12 3 4
0 11 0 10 12 0 9 0 0 4 5 0
0 0 2 0 1 0 0 0 10 9 0 0
1 0 12 0 0 2 8 0 0 0 0 0
6 0 0 0 10 12 3 0 0 0 0 4
0 7 0 0 0 0 6 0 0 0 10 0
4 0 0 0 0 0 0 2 9 11 0 0
0 0 0 0 0 3 2 9 0 0 11 0
0 12 0 3 0 0 0 0 0 0 0 5
0 10 5 0 0 0 0 0 2 0 3 0
0 0 0 2 3 7 4 1 8 0 12 9
0 0 0 12 11 6 0 8 0 5 7 10
0 0 0 0 0 0 12 0 0 2 6 1
12 3 4
6 0 0 0 0 0 0 0 0 3 0 0
0 0 0 0 0 0 4 0 5 7 0 1
7 0 3 0 0 12 8 0 6 0 9 0
1 6 8 0 11 0 2 3 0 0 0 5
3 0 0 0 0 0 0 0 8 0 0 0
0 0 4 0 0 0 0 5 11 0 0 3
5 4 1 0 0 0 6 0 0 10 3 0
0 12 10 0 0 4 0 7 0 8 11 0
11 0 9 0 0 5 10 0 4 0 0 0
4 11 0 8 0 0 7 0 0 0 0 0
0 0 6 2 0 3 0 0 7 0 0 0
12 0 7 0 0 9 5 1 0 0 0 10
12 3 4
0 0 0 0 0 0 0 0 0 5 0 0
9 0 6 0 0 2 0 0 7 11 0 0
0 4 0 0 0 6 0 0 0 0 0 12
1 0 0 0 12 0 10 0 11 0 3 0
0 10 11 0 0 0 8 0 12 0 4 0
0 3 5 0 4 9 0 0 0 0 1 7
7 6 1 4 0 0 0 9 5 0 0 0
10 9 0 5 0 0 0 7 0 0 11 2
0 0 2 0 10 0 3 5 0 0 0 0
0 0 0 12 0 11 1 6 10 0 0 0
0 8 0 6 9 5 0 12 2 3 0 0
0 0 0 0 0 0 0 3 0 6 0 8
12 3 4
0 0 10 4 8 9 0 0 0 0 0 11
7 9 0 6 2 0 1 3 10 0 0 0
0 12 0 0 0 10 4 0 0 0 0 0
0 1 0 0 0 0 0 8 11 12 0 4
0 5 4 7 0 0 2 11 0 0 6 0
0 0 0 0 0 0 3 0 0 0 0 0
0 0 0 11 0 0 0 6 0 0 0 0
0 0 0 0 0 0 0 1 0 0 5 0
0 0 8 5 0 0 9 0 3 0 0 6
1 7 0 0 11 0 6 5 2 10 0 0
0 0 5 3 0 4 0 2 8 6 0 7
4 0 9 0 0 0 12 7 0 5 1 0
12 3 4
4 0 0 12 0 0 0 0 0 8 0 0
0 1 10 0 8 2 0 5 0 9 12 0
0 0 0 0 3 0 0 0 11 0 0 6
9 0 0 0 4 0 3 0 0 0 0 12
0 0 0 0 1 8 0 0 5 7 0 10
0 0 0 0 0 12 0 0 0 0 0 0
0 10 1 5 2 0 0 11 3 4 8 0
0 0 9 0 0 0 7 0 0 0 6 5
8 11 0 4 5 0 6 0 0 10 9 0
11 0 0 0 12 0 10 0 0 0 0 7
0 0 0 1 0 0 8 7 0 6 0 9
3 0 0 0 0 1 0 0 10 0 2 11
12 3 4
5 3 0 8 0 7 12 0 0 0 0 0
9 7 10 0 0 0 0 0 11 0 8 0
0 11 1 0 0 4 0 8 0 2 0 6
2 0 0 0 0 6 10 0 9 0 0 11
0 0 0 0 0 0 0 0 0 0 5 0
0 0 0 0 8 12 11 0 0 0 1 0
6 0 0 5 0 0 0 4 0 0 0 7
0 0 9 11 6 0 0 5 0 0 0 8
8 0 0 7 12 0 0 11 1 3 2 10
0 0 3 0 0 1 2 0 0 0 0 0
0 1 0 0 0 0 7 10 3 0 9 0
0 0 0 4 0 5 0 12 2 0 6 0
12 3 4
0 0 1 0 0 0 0 0 0 5 10 9
10 12 0 0 0 4 9 8 7 3 6 0
0 0 0 2 7 0 0 0 0 0 11 0
0 0 10 0 0 0 0 11 0 0 0 0
11 5 0 0 1 7 12 10 0 2 0 0
8 9 0 0 2 6 0 4 3 12 7 0
0 0 0 9 0 0 0 0 0 10 2 6
0 0 5 1 0 0 0 0 0 0 0 0
3 0 0 4 0 0 0 7 0 0 12 1
1 0 0 10 5 0 8 0 0 0 0 0
0 0 0 12 0 1 2 9 0 0 0 0
0 11 0 5 0 10 7 0 0 0 9 0
12 3 4
0 0 0 6 0 9 2 10 0 0 0 8
1 9 3 10 12 0 6 0 0 0 2 4
11 5 0 0 0 0 7 0 0 0 0 1
0 0 6 0 0 3 9 1 0 0 11 0
10 0 0 0 0 11 4 0 0 12 0 3
4 0 0 0 2 8 0 5 0 0 0 0
8 0 0 0 7 0 10 6 0 4 0 0
0 0 7 4 0 0 12 2 0 0 1 9
0 0 0 0 0 0 0 11 12 5 0 0
5 0 0 0 0 0 0 0 0 0 0 0
0 0 9 0 0 12 0 7 6 11 0 5
2 0 0 0 10 0 1 0 0 0 0 12
12 3 4
0 0 0 0 0 5 7 0 0 0 9 0
12 3 9 2 0 0 0 6 8 0 0 4
7 0 0 11 8 0 0 9 10 2 0 0
0 12 0 0 0 0 0 0 0 0 0 0
10 11 6 5 9 0 3 0 1 4 0 0
1 0 0 8 0 0 0 0 12 7 0 0
2 0 11 0 0 0 0 4 9 0 0 0
0 4 1 6 0 7 8 0 5 0 12 0
0 0 8 0 0 0 0 0 0 0 7 0
5 0 10 0 0 11 0 0 3 12 0 0
0 0 0 1 0 0 0 3 2 0 0 0
4 0 0 0 0 0 6 5 0 11 10 8
12 3 4
8 0 0 0 12 0 0 0 2 0 0 6
1 0 4 0 0 0 9 0 0 0 0 3
0 0 0 11 0 7 0 0 1 0 0 0
6 1 8 0 11 0 3 0 0 0 4 10
0 0 0 10 2 1 7 0 8 0 0 0
5 0 0 0 0 6 10 4 0 7 11 0
7 3 0 0 1 10 2 0 0 0 0 0
0 2 11 0 0 0 0 8 10 0 0 0
0 10 0 0 0 9 5 0 7 0 0 0
11 0 0 0 0 0 0 9 0 12 1 5
2 0 0 0 0 0 0 1 6 3 0 4
10 8 0 0 0 0 6 0 11 0 0 0
12 3 4
0 0 0 0 0 0 6 8 0 2 0 0
0 5 11 2 0 1 0 4 0 3 0 0
0 4 0 0 3 5 0 0 10 6 9 0
0 6 0 0 0 2 1 0 9 0 10 0
0 0 7 0 6 9 0 0 12 8 1 2
0 9 0 0 12 0 0 0 0 0 0 11
0 0 9 3 0 0 0 0 6 0 0 1
0 0 0 0 0 0 0 12 5 0 0 0
0 0 0 0 0 10 11 6 8 0 3 0
6 2 0 7 11 0 0 5 0 12 0 0
0 10 0 0 0 0 0 0 0 0 0 6
0 0 3 0 7 4 12 2 0 11 5 0
12 3 4
0 12 0 4 6 0 0 8 0 2 0 3
0 0 1 0 0 11 2 0 9 0 0 0
0 0 0 0 1 0 0 0 10 0 0 8
2 0 12 0 5 0 0 0 7 0 0 1
0 3 9 0 2 0 10 0 0 4 5 0
0 0 6 0 0 0 0 12 0 0 0 0
0 0 2 12 9 0 7 5 11 10 8 6
11 4 10 0 0 1 0 0 0 3 2 0
0 0 0 0 0 4 6 11 5 0 0 9
0 0 0 0 0 2 0 0 1 0 11 0
0 0 0 0 0 0 0 6 0 0 3 7
5 0 0 0 0 0 0 3 0 12 6 0
12 3 4
6 0 0 1 0 0 0 0 12 7 11 0
0 8 12 7 3 9 2 0 0 0 0 0
5 0 0 3 0 0 0 8 0 0 2 0
1 3 0 0 0 0 8 6 0 2 12 4
2 0 0 0 0 0 3 0 0 9 0 0
0 0 0 5 0 12 0 7 10 1 0 0
0 5 0 2 0 0 0 0 11 0 8 0
12 7 0 0 0 0 0 0 1 4 0 9
0 4 3 0 0 8 0 0 0 0 5 0
0 11 0 12 0 2 0 0 0 0 0 0
0 0 8 0 11 10 0 0 6 12 1 0
0 9 6 0 12 4 0 0 0 0 0 0
12 3 4
0 1 0 3 0 2 0 0 11 0 12 4
0 0 0 0 0 0 7 9 0 0 0 0
0 0 0 0 4 0 0 6 0 7 0 2
9 2 1 0 11 5 0 0 0 10 0 6
0 6 0 0 9 0 0 0 0 1 0 0
0 0 10 0 0 0 4 7 8 0 0 5
0 4 8 11 0 0 0 0 0 0 10 0
2 0 7 9 0 0 0 0 4 12 0 0
5 3 12 0 8 0 0 0 9 0 0 1
0 10 0 5 1 6 0 2 0 0 0 12
8 7 0 6 0 0 0 0 10 0 11 0
0 0 11 0 0 0 0 0 0 2 6 0
12 3 4
0 2 0 0 0 0 0 0 1 4 0 10
0 4 0 7 2 3 0 0 0 5 8 0
0 9 1 0 0 0 0 0 0 7 0 0
0 10 0 0 0 9 0 0 7 0 1 0
7 0 0 3 0 0 0 10 0 0 0 6
0 0 0 0 0 0 0 0 11 9 0 0
9 7 0 4 0 0 0 0 10 0 12 8
0 0 10 6 0 0 0 0 0 0 7 1
0 12 5 0 0 10 7 0 4 6 0 0
6 0 9 1 0 0 5 12 2 10 0 0
0 11 4 5 0 7 0 3 0 0 0 0
3 8 12 0 1 0 0 0 0 0 9 0
12 3 4
0 3 0 0 0 9 0 7 8 11 12 0
0 0 10 0 0 0 0 8 0 7 9 0
0 11 7 8 0 1 0 0 4 0 6 2
0 0 0 12 7 11 0 4 0 0 5 0
4 9 0 0 2 5 0 0 0 0 0 0
0 0 6 0 0 12 3 0 0 1 0 11
0 10 0 6 0 0 0 0 1 0 0 7
2 12 1 3 0 6 0 10 0 4 0 0
0 0 0 0 0 0 9 0 5 6 8 0
0 0 5 0 0 0 0 0 6 2 0 0
0 0 0 0 0 0 0 2 0 0 3 0
0 1 2 0 0 0 0 3 0 5 10 0
12 3 4
0 0 0 0 0 0 0 0 0 0 0 9
10 0 7 1 0 4 0 12 0 6 0 5
2 0 0 0 7 1 6 0 0 3 8 0
0 10 0 12 0 9 0 2 0 0 5 0
0 0 1 0 0 0 8 0 7 0 0 0
0 0 0 0 0 3 0 5 9 1 11 0
0 0 9 0 0 2 0 0 0 7 0 3
8 0 0 0 9 0 10 3 0 4 12 0
0 6 0 0 8 12 5 0 0 0 0 0
7 0 0 0 0 5 1 4 6 11 9 0
0 5 8 0 12 0 2 7 1 0 0 0
6 0 0 0 0 0 0 9 0 0 0 0
12 3 4
4 1 0 0 0 7 0 0 0 0 0 0
0 0 0 8 0 0 9 3 10 4 12 0
0 0 2 0 0 0 0 4 0 0 6 0
0 0 0 3 0 0 0 0 5 0 0 0
1 0 10 4 0 3 11 0 0 6 0 2
9 6 0 5 0 8 7 0 12 11 0 0
0 9 0 11 0 4 0 0 7 5 0 0
0 0 0 12 5 6 0 9 0 3 2 0
0 0 0 2 0 11 1 0 0 0 0 0
0 0 5 1 0 0 0 0 0 9 10 12
0 0 0 0 0 0 3 1 0 7 0 11
12 0 0 6 0 9 0 0 0 2 0 8
12 3 4
0 0 0 0 0 0 1 0 3 0 4 0
0 7 3 0 0 0 8 0 0 0 0 0
0 0 0 0 0 0 11 0 9 10 0 1
4 12 0 0 3 0 0 8 7 6 11 2
0 0 0 0 5 0 12 0 0 0 0 9
0 1 0 0 10 2 0 0 0 0 8 0
0 3 0 0 9 0 0 0 1 12 2 0
7 10 0 2 0 0 0 0 8 0 9 0
12 0 0 0 2 0 3 5 0 0 0 0
6 0 0 10 11 4 0 12 2 8 7 5
0 4 0 0 7 0 10 0 12 0 6 0
0 9 0 0 0 0 0 0 0 0 3 11
12 3 4
0 0 0 7 0 8 0 0 4 0 0 0
0 5 0 0 0 11 0 10 1 0 0 0
2 0 0 10 3 1 7 12 0 0 0 0
1 0 0 0 0 12 0 2 11 7 0 0
0 6 12 0 0 0 0 0 3 4 0 0
8 4 0 0 0 7 0 11 0 0 2 10
0 0 0 6 8 2 1 0 0 5 9 11
0 2 0 9 11 5 0 4 0 3 0 0
10 1 0 0 0 0 12 0 8 0 0 7
0 0 0 0 0 0 11 0 0 10 0 0
4 0 0 0 0 9 0 8 0 0 0 0
7 0 2 1 0 0 0 0 6 8 0 0
12 3 4
1 4 7 0 2 0 0 0 5 0 11 0
0 12 0 0 0 0 0 0 0 9 0 2
10 6 0 0 5 0 1 0 4 8 0 7
0 0 1 0 0 0 0 0 9 0 0 0
0 2 0 6 0 0 0 0 0 4 7 0
0 0 4 0 9 5 12 11 8 0 0 0
0 0 0 4 0 0 8 10 3 0 0 0
0 0 0 0 0 0 0 0 7 0 0 0
0 1 3 0 12 6 9 0 10 0 0 0
0 5 11 0 0 2 10 0 12 0 9 0
0 0 0 0 0 0 3 0 11 10 4 5
3 9 0 0 8 0 5 0 1 6 0 0
12 3 4
6 0 9 0 0 0 0 0 0 0 0 0
4 0 1 0 6 0 7 3 0 0 0 11
0 11 0 0 5 2 10 1 0 0 0 0
3 0 4 0 7 0 0 9 6 1 8 0
0 2 0 6 8 11 1 0 0 10 4 7
10 0 0 8 0 3 12 0 0 0 0 9
9 0 0 0 0 0 0 0 0 0 0 10
0 0 10 0 0 0 9 0 0 5 11 0
0 3 6 0 0 0 8 0 0 0 0 4
0 12 0 0 0 0 0 0 9 0 10 0
0 0 11 7 0 0 0 0 0 2 1 0
2 6 0 0 12 0 4 0 5 0 3 0
12 3 4
0 12 9 4 11 0 0 0 8 0 2 0
0 0 0 10 8 7 0 12 0 0 4 1
0 8 5 0 0 0 1 9 0 12 10 11
0 0 0 7 2 0 0 0 0 0 5 0
0 0 0 0 10 6 12 0 1 0 3 8
3 0 0 2 5 0 0 0 0 0 0 0
0 3 4 0 0 0 0 0 2 0 0 0
2 0 0 8 7 0 0 4 0 3 9 0
11 7 0 0 0 8 3 0 0 0 0 0
8 6 0 0 4 0 10 0 0 1 0 0
7 0 0 12 0 0 0 0 0 0 0 0
0 5 0 9 12 0 0 7 0 0 0 6
12 3 4
0 0 1 0 6 0 0 8 0 0 11 2
0 0 0 0 10 0 1 0 0 0 5 12
9 2 8 0 0 12 4 0 10 6 0 3
0 0 0 3 0 0 0 9 0 0 4 0
0 0 0 0 0 0 0 0 0 0 0 0
0 8 0 2 7 0 0 3 0 0 0 0
0 10 0 8 2 0 7 0 0 0 0 11
0 0 2 4 3 0 0 0 12 7 6 1
1 7 0 0 0 10 0 0 0 0 0 5
0 0 0 9 12 1 0 0 0 0 0 0
0 0 6 1 9 0 0 0 5 0 2 10
0 12 7 0 5 0 11 2 0 0 8 4
12 3 4
12 4 3 0 0 0 0 0 0 0 0 0
0 0 5 6 0 8 0 4 0 0 0 0
2 0 7 1 0 0 0 0 0 6 0 12
0 11 0 0 1 0 0 0 0 0 3 0
7 0 12 10 0 0 6 0 0 9 0 11
1 5 0 0 0 0 3 0 6 4 0 10
6 7 0 0 0 0 0 8 0 0 0 0
4 3 0 0 0 1 12 2 7 0 11 8
0 0 11 0 4 0 0 0 0 10 6 0
5 0 2 12 0 0 0 0 0 7 0 0
0 1 9 4 10 7 5 0 0 0 2 0
10 0 0 0 0 6 0 0 0 0 5 0
12 3 4
0 0 11 0 6 0 4 0 7 0 0 0
0 12 0 0 7 0 0 5 10 0 1 0
0 0 1 0 0 9 0 2 0 5 8 0
12 6 0 0 0 1 0 0 0 0 0 0
2 4 0 0 0 0 0 12 0 11 0 0
11 10 3 9 0 7 0 4 0 1 0 6
0 0 10 0 0 3 1 9 8 0 0 0
1 0 0 2 11 6 0 0 0 9 0 0
6 0 0 4 10 0 0 0 0 12 0 2
0 0 6 0 0 12 0 1 2 4 7 0
0 0 0 0 3 0 0 0 0 0 6 0
4 0 0 0 5 10 0 0 0 0 11 0
12 3 4
0 0 0 0 0 0 0 6 0 0 0 3
0 0 0 4 5 0 0 8 2 0 0 11
0 0 0 0 0 0 0 0 12 0 7 0
2 4 8 0 7 9 11 12 0 0 10 0
0 5 0 0 0 0 4 0 8 0 0 7
0 0 3 6 0 8 0 0 0 0 0 0
0 0 0 2 3 1 9 4 0 8 11 0
0 11 4 0 0 0 0 10 3 0 0 0
1 9 0 8 12 0 0 0 10 0 0 0
3 0 2 0 0 10 0 11 5 0 0 0
0 8 0 0 0 0 0 5 0 1 0 12
7 12 0 10 0 2 0 0 9 0 4 6
12 3 4
0 0 0 0 0 4 0 6 2 0 0 0
0 3 0 0 0 0 1 10 0 0 0 0
0 12 0 5 7 0 0 0 9 0 4 0
0 11 3 1 6 7 4 0 0 10 0 0
0 0 0 2 0 0 5 8 0 0 0 0
9 5 7 0 0 0 10 0 4 0 0 6
4 0 0 9 0 5 12 0 11 3 6 1
0 1 0 0 3 0 0 0 0 0 0 5
5 8 10 0 0 2 6 11 0 0 0 0
3 0 0 0 0 0 0 2 0 4 10 0
0 0 0 0 0 10 9 0 1 0 0 0
11 9 4 0 12 0 0 0 0 6 0 0
12 3 4
0 0 12 2 0 0 0 0 0 0 0 5
1 7 0 0 10 0 0 0 0 0 0 9
0 5 0 4 0 6 3 0 2 0 1 0
5 4 0 0 0 10 7 2 12 0 0 0
3 0 8 0 0 0 0 0 0 11 9 0
11 0 0 0 6 0 1 0 3 10 0 0
0 8 0 0 0 0 0 0 0 3 11 0
0 0 3 10 5 0 9 7 0 0 0 0
0 0 1 0 0 8 0 10 6 0 0 12
0 0 9 0 0 0 12 0 0 0 0 0
0 3 4 6 0 5 10 1 11 0 0 8
10 0 0 0 2 0 0 11 9 0 0 6
12 3 4
0 11 0 0 0 0 0 0 0 0 0 12
0 0 6 3 0 11 0 0 0 0 8 2
0 12 0 7 0 9 0 5 10 0 1 0
0 7 0 2 0 0 0 11 0 0 10 4
0 0 10 5 0 2 0 6 9 0 0 0
11 0 12 6 0 0 0 0 0 0 0 0
0 6 9 0 3 0 0 0 0 5 0 0
0 0 0 0 0 0 12 10 0 0 9 0
7 1 11 10 0 0 0 9 0 12 2 0
6 0 0 8 0 0 2 0 0 11 12 0
0 5 3 0 7 1 0 12 2 10 0 0
0 2 0 0 8 0 6 0 0 0 0 5
12 3 4
0 0 3 0 0 0 0 0 11 6 12 0
0 9 0 0 12 1 0 0 0 8 4 5
7 0 0 2 0 5 9 6 3 0 10 0
0 6 0 10 0 0 0 3 0 0 0 0
0 1 0 0 0 4 0 0 0 5 6 0
0 7 0 8 0 0 0 0 0 0 0 0
1 12 0 0 4 0 0 8 0 0 0 0
0 8 2 5 0 0 0 0 0 9 11 0
4 11 0 0 0 0 10 0 0 7 2 0
11 0 12 7 0 0 8 0 6 3 0 10
0 3 0 0 0 0 0 0 12 0 8 0
0 5 0 1 0 0 12 0 4 2 0 7
12 3 4
0 10 0 4 9 0 0 7 0 0 0 0
6 0 3 0 11 0 0 0 0 10 9 8
2 9 5 0 6 12 0 0 0 0 3 7
10 6 0 0 12 1 5 0 7 0 8 0
3 0 0 0 2 0 0 0 11 0 4 0
0 2 0 9 0 7 0 0 0 0 5 0
0 4 0 0 0 0 0 12 5 0 0 0
0 11 0 0 0 3 0 0 0 9 0 0
7 0 6 0 8 0 0 0 0 0 0 0
0 0 2 0 3 0 0 0 0 11 0 0
0 8 0 6 5 0 0 0 3 4 7 1
0 1 12 11 0 9 0 10 0 0 0 0
12 3 4
0 9 0 1 0 0 0 7 8 4 0 2
0 0 3 0 0 0 5 0 0 7 0 0
0 0 0 5 0 0 0 0 0 0 0 0
0 0 0 0 4 0 6 0 0 10 9 11
0 12 11 10 0 3 0 1 7 0 0 5
0 8 0 4 7 0 11 0 0 6 0 0
4 11 0 8 0 0 0 9 1 5 0 0
5 1 12 6 0 0 8 0 3 2 0 9
0 0 0 0 0 11 10 0 0 0 7 0
0 0 0 0 9 0 0 2 0 0 0 3
0 0 0 0 0 0 0 5 0 0 0 4
7 0 8 0 0 10 4 12 5 0 0 6
12 3 4
0 12 0 0 0 10 0 11 3 0 0 0
0 0 1 0 0 2 7 8 4 0 5 9
0 0 0 0 0 0 0 0 12 6 11 0
0 11 5 0 0 0 0 0 0 0 0 0
0 7 0 0 9 0 11 6 5 4 0 0
8 3 4 0 12 5 0 0 0 0 9 2
7 4 0 0 5 0 10 0 1 3 12 0
0 0 3 0 1 0 0 0 10 9 0 0
12 0 0 0 7 0 2 0 0 8 0 0
0 0 2 0 3 8 0 5 0 11 0 0
0 0 0 0 2 0 0 0 8 0 10 0
0 8 0 11 10 0 0 9 0 0 0 0
12 3 4
0 0 9 0 0 1 12 3 0 11 0 5
12 0 1 0 0 0 7 5 4 8 10 0
6 0 0 11 0 4 10 0 0 12 0 9
1 8 0 5 3 0 0 0 0 0 0 0
9 7 0 0 0 8 2 0 0 0 0 0
0 0 0 0 0 10 0 6 11 1 0 0
0 0 0 1 10 0 9 0 0 7 0 11
0 0 0 0 4 11 5 0 0 3 12 0
0 0 4 0 6 3 0 0 9 0 0 0
11 0 10 7 0 0 0 0 0 0 0 0
3 0 0 0 0 2 0 0 0 6 9 0
0 0 0 0 0 7 4 12 0 0 8 0
12 3 4
0 0 0 0 0 0 12 9 5 0 0 0
0 8 0 0 7 0 0 0 1 0 0 4
0 0 0 0 8 0 1 0 0 10 2 0
0 0 0 0 4 0 10 11 0 3 0 0
1 0 9 0 0 0 0 0 0 6 0 0
3 7 11 4 0 0 0 0 0 8 0 0
0 10 5 0 0 0 9 1 3 0 0 0
4 0 1 0 12 8 0 0 7 9 10 5
0 0 2 0 0 0 5 0 11 4 0 8
0 0 4 2 0 0 7 3 0 11 5 10
0 0 0 0 0 0 0 0 9 0 1 12
0 0 10 12 11 1 0 0 0 7 0 0
12 3 4
0 9 7 0 12 0 1 0 2 8 0 5
0 0 5 1 0 0 10 9 6 4 0 0
0 0 0 0 4 6 0 0 0 0 11 3
0 0 0 5 0 3 0 2 11 12 0 7
8 3 0 0 0 12 4 0 0 0 0 0
0 0 4 0 5 7 11 0 0 9 2 0
0 0 0 2 0 1 0 0 12 0 0 0
0 0 0 0 0 2 5 0 0 0 6 0
0 0 0 4 0 11 0 3 0 10 0 0
1 0 0 0 3 0 2 0 9 0 0 0
0 2 6 3 0 0 0 4 0 5 0 0
7 0 0 0 11 9 0 0 0 3 0 0
12 3 4
0 0 8 11 1 0 12 0 0 0 0 0
4 0 0 0 0 3 0 0 0 0 9 0
5 6 0 9 0 10 0 0 7 0 0 0
0 12 0 2 11 0 10 0 0 0 6 4
11 0 0 0 0 2 0 0 12 0 3 0
6 1 3 0 12 5 0 0 8 10 0 0
0 0 10 12 4 0 0 0 11 0 0 0
0 7 0 0 0 0 1 0 9 0 0 0
0 3 4 0 0 8 2 7 0 0 5 0
0 0 7 4 9 0 3 0 0 0 0 0
0 10 2 0 0 0 0 11 3 4 12 0
0 8 0 5 2 0 0 4 0 0 0 0
12 3 4
6 0 10 0 3 4 0 5 0 11 0 12
0 0 1 0 10 0 11 0 0 8 0 0
5 0 9 0 1 0 8 7 0 0 0 2
0 0 8 5 0 0 0 0 0 12 4 0
2 10 0 0 0 0 6 0 0 0 8 0
0 7 11 9 2 5 0 0 0 0 0 0
0 0 0 0 5 8 9 0 0 2 0 0
7 0 0 0 6 0 0 0 0 0 10 0
12 0 0 0 7 2 0 4 0 0 3 0
0 5 0 1 0 11 4 0 0 0 6 0
0 0 12 0 9 0 0 0 0 0 0 4
0 0 2 10 12 7 0 6 0 0 9 0
12 3 4
0 8 0 2 9 0 0 0 0 1 4 0
4 0 0 0 0 8 0 6 0 0 5 0
0 0 6 12 5 0 0 0 0 10 0 11
7 0 0 0 6 0 0 12 0 0 0 3
0 0 0 0 0 0 10 3 0 8 0 0
0 9 0 0 0 0 0 8 4 0 11 12
8 0 0 0 0 3 2 0 11 0 10 0
0 11 1 0 0 5 0 9 0 3 0 0
0 0 0 0 0 10 12 0 0 0 0 0
0 6 0 9 10 0 0 4 5 0 0 2
10 0 0 1 12 6 9 0 0 0 3 0
0 0 12 0 0 1 11 0 10 4 0 9
12 3 4
0 0 0 0 6 0 0 0 0 0 0 10
1 0 0 0 0 0 0 0 4 0 7 3
7 6 0 0 0 10 0 5 0 2 9 0
0 0 0 6 0 0 0 0 0 12 0 0
9 3 2 0 0 0 0 0 7 6 0 0
0 10 0 4 3 0 7 0 5 1 0 8
0 0 0 9 0 0 5 0 0 0 0 0
0 0 1 0 9 0 6 0 2 0 3 7
0 5 0 8 0 7 0 2 1 4 0 0
0 0 11 0 5 0 0 1 8 3 2 0
0 0 12 7 0 3 0 0 10 5 4 1
0 0 5 0 0 0 0 0 6 9 0 0
12 3 4
5 0 0 0 0 2 0 0 4 0 12 0
11 2 0 0 0 6 0 12 5 0 8 0
0 0 0 0 7 8 4 0 0 0 0 11
7 0 0 10 0 0 6 0 0 0 11 0
0 0 0 3 0 9 12 1 0 0 5 10
0 0 9 0 2 10 8 0 12 1 0 6
0 0 0 1 10 0 0 3 0 4 2 0
0 0 0 0 0 0 0 0 10 0 0 0
3 6 0 0 8 0 0 0 0 0 9 5
8 4 0 2 1 0 0 5 7 0 0 12
0 0 0 0 0 0 0 0 0 0 0 0
0 0 5 0 11 12 0 0 8 10 1 9
12 3 4
0 0 0 0 0 0 12 6 1 0 3 0
0 12 0 4 0 0 0 1 0 8 0 2
0 8 0 0 0 4 0 0 0 5 11 10
0 0 0 0 0 1 11 0 0 0 10 5
0 0 0 10 8 12 0 3 0 7 0 6
7 0 0 0 0 9 0 10 0 12 0 0
12 3 10 0 6 5 7 0 0 11 1 0
8 11 0 0 0 0 10 0 0 4 0 0
9 2 0 0 0 0 0 0 0 0 0 8
0 0 5 0 4 0 0 0 11 0 0 12
4 9 1 0 11 0 0 8 7 0 0 0
0 0 0 8 0 2 0 0 5 0 0 0
12 3 4
0 0 0 0 0 0 11 0 0 6 0 0
0 2 3 0 9 12 8 5 0 0 0 0
6 4 0 0 0 10 1 0 5 12 3 11
0 0 0 0 8 5 0 0 4 0 1 12
8 0 0 0 0 0 10 2 11 9 0 0
0 10 0 0 0 0 7 0 0 0 0 0
0 11 0 0 0 0 0 8 0 0 4 0
4 5 0 0 0 7 6 3 8 0 0 1
0 0 0 0 10 0 5 0 0 7 0 0
10 0 0 3 0 11 9 0 0 0 7 2
0 0 0 0 7 0 2 0 0 8 12 9
0 0 12 0 0 0 0 6 3 10 0 0
12 3 4
0 0 2 0 0 0 0 0 6 0 0 0
0 0 7 6 12 10 3 0 0 0 0 11
3 0 0 0 0 8 2 1 0 12 0 9
0 3 8 0 0 0 0 7 0 0 0 0
6 0 0 0 8 2 0 0 0 0 7 0
2 0 10 0 6 0 12 0 0 4 0 1
0 12 0 0 0 0 0 10 0 0 3 0
0 0 0 0 0 0 0 0 10 0 4 0
7 4 5 10 0 0 9 0 8 0 0 0
0 9 0 5 10 6 0 3 0 11 0 0
0 0 4 2 0 12 1 0 0 9 0 0
0 11 6 3 0 5 0 0 1 0 8 10
12 3 4
0 0 1 0 0 0 2 5 0 0 0 0
0 0 6 2 3 0 9 11 7 0 0 0
4 0 3 0 0 0 10 0 0 6 5 0
0 0 10 12 7 5 0 0 2 0 0 3
0 0 0 0 0 12 0 4 6 0 0 9
11 6 0 0 10 0 0 0 0 0 0 12
0 0 0 0 0 0 0 0 0 0 0 0
3 5 0 0 0 2 4 7 0 9 0 0
0 9 11 0 1 0 5 0 4 0 0 0
9 2 0 0 11 0 0 10 0 3 0 8
12 0 4 0 0 0 1 0 9 5 0 10
0 7 8 0 0 0 0 0 1 11 2 0
12 3 4
1 0 0 4 11 0 0 0 8 3 9 12
5 0 0 0 0 10 12 7 0 1 6 0
6 0 0 2 0 0 0 0 5 0 0 0
0 0 0 0 1 0 0 3 4 7 0 0
12 0 0 3 0 11 0 0 0 9 0 1
0 1 5 9 4 0 0 0 0 11 0 10
2 0 0 0 0 0 1 4 0 0 12 0
0 4 0 8 9 0 0 2 10 0 3 0
0 0 0 0 0 3 0 0 0 0 0 9
7 0 0 0 0 0 4 6 11 0 1 3
10 0 1 0 0 8 0 0 0 0 5 0
11 0 6 0 0 0 0 0 2 0 0 0
12 3 4
9 6 0 0 0 0 12 0 0 11 0 10
0 0 11 0 10 1 0 0 6 0 12 0
0 3 0 10 5 11 0 7 0 0 1 8
7 0 12 0 0 0 10 0 9 0 8 1
0 0 0 0 4 0 0 1 0 0 10 12
0 0 6 0 0 0 9 0 2 7 0 0
0 10 5 0 11 0 1 2 7 0 0 0
0 4 0 0 8 9 0 0 0 0 0 0
0 2 0 8 3 10 0 6 4 0 0 0
0 0 0 1 0 2 0 0 0 0 0 0
0 0 0 0 0 0 0 3 0 4 7 0
0 12 9 0 0 5 7 0 0 8 0 0
12 3 4
0 10 12 0 11 0 0 1 0 0 0 4
0 9 3 1 7 8 0 4 10 6 12 0
0 0 0 0 5 0 0 0 0 0 3 0
3 0 0 0 10 0 4 0 5 12 9 2
6 11 8 2 12 0 0 0 7 4 0 0
0 5 10 4 0 6 0 0 3 0 0 0
0 8 0 0 9 12 0 2 0 0 0 0
0 7 0 0 6 5 8 0 0 0 0 0
0 0 0 0 1 0 0 0 4 0 0 0
0 0 0 0 2 7 10 0 0 0 0 0
0 0 1 0 4 0 9 6 11 0 0 0
0 0 0 10 0 0 3 8 0 0 0 0
12 3 4
4 0 0 10 0 0 0 11 2 0 3 1
0 5 3 0 0 0 0 0 0 0 12 0
1 0 12 0 0 0 2 0 0 0 0 0
0 0 0 1 0 5 9 0 0 0 0 11
2 9 0 0 0 0 0 4 0 0 8 12
0 4 5 8 12 0 10 6 9 0 0 3
0 12 0 0 0 0 5 3 0 7 11 2
0 0 0 0 0 0 11 12 0 0 0 8
0 0 2 5 0 4 0 1 3 0 0 0
3 0 0 11 0 2 0 8 12 10 4 7
12 0 0 0 11 0 0 0 0 6 0 0
0 0 0 6 0 0 0 0 0 0 0 5
12 3 4
0 1 6 10 8 0 4 12 11 0 0 2
0 9 0 0 0 0 0 0 3 12 0 0
2 5 0 0 9 0 0 11 1 6 0 7
0 4 0 0 0 0 2 8 5 0 0 0
6 0 0 0 0 0 11 0 0 3 1 0
0 0 9 0 4 5 0 0 2 0 0 0
12 0 0 7 0 11 0 0 0 0 0 6
4 0 0 0 2 0 0 0 8 10 12 0
1 0 0 3 0 0 0 0 9 11 0 0
0 0 4 0 0 0 0 0 10 0 0 1
9 10 11 0 0 0 0 6 0 0 7 0
0 2 7 0 0 3 0 0 0 8 5 0
12 3 4
7 0 0 0 0 4 0 11 0 0 8 0
0 0 0 0 0 0 1 0 0 0 12 0
0 0 0 0 0 12 0 0 0 6 3 0
0 0 2 11 6 0 0 0 0 0 0 0
3 0 0 0 0 1 4 12 11 8 7 2
0 0 5 9 0 7 0 0 0 10 0 0
0 0 3 0 0 6 0 10 2 0 0 5
0 12 0 8 0 2 0 3 6 9 11 4
2 10 0 0 0 0 0 8 12 0 0 0
0 0 4 1 0 11 0 0 0 0 10 9
8 0 0 0 0 3 0 0 0 12 0 11
10 0 0 0 9 5 12 6 0 0 4 0
12 3 4
0 0 0 3 0 2 0 0 0 0 1 0
0 11 12 0 9 0 0 0 8 0 0 0
0 9 0 10 0 12 0 3 0 5 0 2
0 0 5 4 0 3 0 12 0 0 0 10
11 0 0 8 2 10 7 0 0 12 0 0
2 0 7 0 0 5 0 4 6 1 9 0
0 0 0 0 0 0 1 0 0 0 0 5
5 6 1 0 10 0 2 0 0 0 7 8
0 10 0 0 6 0 12 0 4 0 0 9
0 0 0 0 0 0 3 0 2 10 0 0
0 0 6 5 7 0 4 0 11 0 0 0
0 1 9 0 0 0 0 0 0 0 4 0
12 3 4
0 0 12 0 0 6 0 8 9 10 0 2
0 0 0 0 0 0 1 10 0 0 8 3
2 11 0 0 12 0 5 4 0 1 0 7
0 2 7 0 0 0 8 11 5 0 0 0
0 0 0 5 7 2 0 0 1 9 4 10
0 0 0 0 0 3 4 0 6 0 0 12
0 0 0 7 3 0 0 0 0 0 0 9
0 0 0 0 0 0 0 2 7 0 0 11
12 10 5 0 1 4 0 7 2 0 0 0
0 0 4 0 0 0 0 0 10 0 0 6
0 0 0 0 0 0 2 0 0 0 0 0
0 6 0 8 9 0 0 3 0 12 1 0
12 3 4
0 11 0 0 9 2 0 3 0 0 5 8
1 0 12 0 0 4 0 0 0 9 0 0
0 3 0 9 5 0 0 0 11 0 0 0
0 0 0 12 0 3 0 5 2 0 11 0
6 4 0 10 7 1 0 12 0 8 0 0
5 0 9 0 0 0 0 2 0 0 1 0
11 0 0 5 1 0 6 0 8 0 2 0
0 0 0 0 0 0 8 0 3 1 0 0
0 0 8 3 11 7 0 0 9 0 0 4
8 0 3 4 0 11 1 0 0 0 0 0
7 0 0 0 6 0 0 0 0 4 0 0
0 0 2 0 8 0 0 0 0 10 0 0
12 3 4
0 3 2 0 0 0 6 0 0 1 0 7
0 0 7 4 5 1 0 11 9 2 0 0
0 11 0 0 2 0 7 8 5 0 12 0
0 0 1 9 11 0 0 12 0 0 0 10
0 0 0 5 6 9 0 0 0 8 0 0
0 10 0 0 3 4 0 0 0 0 7 0
0 0 0 2 0 0 8 0 0 0 0 0
0 6 11 0 12 0 0 0 4 0 5 0
0 0 0 0 0 0 0 2 10 0 0 1
0 0 0 3 8 2 1 9 0 0 4 0
1 0 0 0 0 0 0 0 12 5 11 0
0 5 0 12 7 0 0 3 1 0 0 0
12 3 4
0 10 12 9 4 0 0 0 6 0 0 0
2 8 0 0 9 5 0 0 0 0 0 0
0 0 7 0 0 0 0 0 0 5 10 4
8 0 4 11 3 10 0 0 0 0 1 6
9 1 10 3 11 6 0 2 0 0 5 0
0 0 0 6 0 0 8 0 0 0 2 0
5 9 0 0 0 12 0 3 0 0 0 0
0 0 0 12 10 0 0 0 0 11 0 0
7 0 1 10 0 0 0 0 0 4 12 0
4 7 6 8 12 0 2 0 0 0 11 0
0 0 9 0 8 0 0 0 0 0 0 0
3 0 0 0 7 0 0 4 0 0 0 12
12 3 4
12 0 0 9 5 0 0 0 7 0 6 0
0 0 0 3 9 0 12 0 0 10 0 0
0 0 0 0 0 3 0 1 0 9 8 12
0 0 0 0 0 9 0 0 0 12 0 2
0 0 3 0 0 5 6 2 0 7 0 0
0 4 0 0 0 0 0 0 8 0 10 6
0 0 0 6 0 2 7 11 1 8 0 5
0 0 8 10 0 0 5 0 0 3 4 9
11 0 0 0 1 0 0 12 0 0 0 0
0 0 6 0 0 0 0 0 3 4 0 11
0 0 1 11 3 4 8 0 0 2 5 0
4 0 0 0 0 0 0 6 9 0 0 0
12 3 4
0 0 11 8 1 0 7 12 0 0 0 10
0 0 9 7 0 0 6 10 0 3 0 0
0 3 0 4 0 0 0 0 0 0 0 0
7 0 0 5 0 0 0 4 9 2 1 0
0 0 0 0 0 0 0 0 5 0 0 0
10 0 12 3 0 0 0 2 0 0 0 0
0 0 7 0 0 0 0 11 0 1 0 0
0 0 0 0 7 0 0 0 0 9 12 11
0 6 5 0 0 0 1 9 0 7 4 0
0 7 2 11 6 0 9 3 0 0 8 1
0 0 1 0 0 5 4 8 3 0 0 0
6 5 4 10 2 0 11 0 0 0 0 0
12 3 4
0 0 0 0 4 0 0 0 0 2 5 0
2 0 0 0 0 0 0 12 0 3 0 1
0 0 0 11 0 0 0 7 9 0 6 0
5 8 0 4 1 0 0 3 0 7 11 0
10 0 0 3 2 0 4 0 12 1 9 6
0 0 12 0 7 0 0 0 8 0 0 0
1 9 0 12 11 0 0 10 4 6 7 0
0 4 0 5 0 0 0 0 0 0 0 8
0 0 0 7 0 1 0 0 10 0 0 0
0 0 0 0 0 0 0 4 0 0 2 12
3 5 0 0 9 0 0 0 7 0 0 0
8 11 0 0 0 0 3 0 6 0 1 4
12 3 4
0 11 0 0 0 4 0 12 0 0 6 0
6 0 0 7 0 0 0 2 8 3 10 0
8 0 0 0 0 0 3 9 0 0 0 0
0 0 0 5 0 11 2 7 0 0 0 0
0 0 0 0 12 0 6 0 0 0 2 0
0 0 12 2 0 3 4 10 0 1 0 7
0 0 0 0 0 0 7 6 3 9 0 0
5 0 3 8 0 10 0 1 0 0 0 0
0 0 11 0 5 8 9 4 12 0 0 10
0 0 10 11 0 0 12 0 0 0 9 0
9 7 0 6 4 0 0 0 11 8 0 0
0 0 0 0 0 0 0 3 2 0 7 0
12 3 4
1 0 4 9 0 6 2 8 0 0 0 0
0 0 0 0 0 0 0 0 9 0 4 0
0 0 0 6 4 11 0 0 7 3 0 0
12 0 3 4 0 0 0 0 0 0 0 1
2 9 10 0 6 1 3 0 0 0 0 0
6 0 0 0 0 10 12 0 0 0 0 0
11 3 8 0 10 0 6 0 0 0 0 2
0 0 0 0 8 3 0 0 0 11 6 0
0 10 0 7 5 2 0 0 0 0 1 0
5 0 0 0 0 0 0 10 0 9 0 0
0 0 0 0 9 0 5 3 1 0 8 0
7 11 9 12 2 0 0 6 10 0 0 0
12 3 4
0 0 0 0 12 0 0 9 3 10 6 0
10 0 0 0 0 0 4 0 0 0 0 0
0 3 0 0 0 0 7 0 0 0 0 12
9 0 6 0 0 8 0 0 10 3 7 0
8 0 12 7 0 2 0 4 0 0 0 0
0 5 1 10 0 7 0 0 0 0 0 9
6 0 10 5 8 1 0 7 0 0 3 0
0 9 11 12 10 4 0 0 2 8 0 0
4 2 7 0 3 11 0 0 9 0 0 0
0 0 0 0 0 0 0 0 12 11 1 7
0 0 0 0 0 0 5 0 0 6 0 0
0 6 3 0 0 0 0 0 5 0 9 0
12 3 4
0 4 0 0 0 0 0 0 0 11 0 0
0 0 8 0 3 2 7 5 0 10 0 0
6 0 7 5 4 11 8 0 0 0 0 0
5 0 0 11 0 10 0 8 12 0 0 7
0 0 0 10 0 0 3 0 0 6 0 0
0 9 0 0 0 0 0 0 5 0 0 0
0 0 0 0 0 0 0 2 0 0 4 0
0 0 4 0 0 0 6 0 7 0 0 10
12 8 0 1 7 0 4 0 3 0 0 0
1 7 0 8 12 4 5 0 9 0 6 2
3 12 0 0 9 0 10 11 0 4 5 0
0 0 0 2 8 0 0 0 0 1 0 0
12 3 4
4 0 0 2 7 0 1 0 6 0 0 8
0 0 5 3 0 0 2 8 0 0 12 0
0 0 0 0 0 10 0 0 3 0 11 1
7 0 0 4 0 11 9 5 0 0 2 6
0 0 0 0 4 0 7 0 0 0 9 3
2 0 0 10 8 3 0 0 0 11 0 12
6 0 0 0 0 4 5 0 0 2 8 0
12 0 7 0 1 0 0 0 0 0 0 0
0 2 0 0 0 0 6 0 1 0 5 10
0 0 10 0 0 12 4 3 0 0 0 0
0 0 0 8 0 0 10 6 0 0 0 0
0 4 0 0 0 2 0 0 5 7 0 0
12 3 4
12 1 3 5 0 0 0 0 10 0 0 2
0 0 2 8 5 0 0 0 0 6 0 0
0 9 0 7 11 0 6 8 0 4 0 0
0 5 0 4 0 0 0 1 0 0 0 0
9 11 0 0 6 8 7 3 4 0 1 0
0 10 0 0 2 12 0 9 0 0 0 7
0 0 7 0 4 0 0 0 0 0 0 0
10 0 12 0 0 0 0 0 0 0 9 6
0 8 0 0 7 3 0 0 1 12 0 11
0 0 0 0 1 0 0 0 0 0 8 0
1 0 0 0 0 11 0 0 0 10 4 0
0 0 10 2 0 0 3 4 6 0 0 12
12 3 4
0 12 5 1 0 0 0 0 0 11 6 10
0 0 0 11 0 0 0 8 0 0 0 0
0 6 7 0 1 0 0 9 0 0 3 0
0 11 0 0 0 0 6 0 3 0 0 0
0 0 0 0 0 12 0 0 0 0 4 0
8 9 0 6 0 4 0 0 0 0 0 0
11 1 8 3 6 0 7 0 0 0 0 0
10 0 0 5 4 2 8 0 1 0 11 9
2 0 9 0 3 0 0 0 7 0 12 0
0 8 0 0 2 6 0 3 10 0 0 0
0 0 4 0 0 0 1 7 11 0 0 8
0 5 0 2 0 0 0 11 9 0 0 3
12 3 4
0 10 11 0 0 1 6 0 0 12 7 0
7 0 0 6 4 0 0 0 11 0 0 1
2 12 3 1 0 11 0 0 4 0 0 0
0 1 0 11 6 0 12 4 0 3 0 0
9 0 0 0 0 10 11 0 2 0 0 0
0 0 0 0 2 7 0 0 0 0 0 0
3 2 4 0 0 0 1 5 0 8 0 0
0 0 1 0 7 0 0 0 0 6 12 0
0 0 0 5 0 9 4 0 0 0 2 7
0 6 0 9 0 3 8 7 0 1 0 0
0 0 0 0 0 0 0 0 0 7 0 8
0 0 2 0 0 0 0 12 9 0 0 4
12 3 4
0 4 0 8 0 3 0 0 10 12 1 0
1 6 0 7 9 5 0 0 11 0 0 8
0 0 0 0 0 0 12 10 5 7 2 9
0 0 0 0 0 0 0 2 0 0 0 0
6 0 0 0 0 0 3 0 0 0 0 11
9 0 0 3 0 0 0 4 2 5 10 12
11 1 0 0 3 0 0 7 0 2 0 0
10 0 0 0 0 0 11 0 12 0 8 6
0 2 0 12 0 0 0 0 0 1 0 0
0 0 0 0 0 0 7 9 1 0 0 0
7 5 0 0 0 4 0 0 0 0 0 0
4 12 0 11 0 6 0 8 7 0 3 0
12 3 4
6 0 0 0 0 1 9 3 10 12 0 0
0 3 7 0 12 0 0 0 0 0 0 5
11 8 0 12 4 0 5 0 0 9 2 0
0 0 3 2 5 8 0 4 0 0 9 6
10 0 5 0 11 12 0 0 3 0 0 0
8 0 1 11 7 0 0 2 0 0 0 0
0 0 9 10 0 0 1 6 0 0 0 0
0 0 0 0 0 0 0 7 0 5 0 1
0 0 12 0 0 0 0 0 0 0 0 9
2 0 0 0 0 0 10 0 0 0 12 0
0 0 10 0 2 0 0 11 0 8 0 4
0 0 11 9 0 3 0 0 7 0 1 0
12 3 4
6 0 0 1 0 0 0 0 0 0 5 0
3 0 0 0 0 0 0 9 4 0 0 0
0 11 0 7 12 0 3 0 0 2 1 0
0 10 0 0 0 11 6 5 1 0 0 12
12 0 9 0 0 0 0 0 0 0 0 8
0 0 7 4 10 12 1 0 0 0 0 0
8 5 0 0 4 0 10 0 0 0 0 0
0 12 6 0 0 0 0 0 2 0 0 0
0 0 3 10 8 5 2 0 0 4 11 0
0 0 1 11 9 6 0 3 0 0 2 0
0 0 5 2 0 0 0 12 0 8 0 7
0 0 0 0 5 7 8 0 0 10 3 0
12 3 4
2 0 4 5 0 0 8 3 0 0 0 0
0 9 0 0 0 0 0 0 0 0 3 7
0 7 0 0 0 1 0 0 0 2 0 0
0 0 2 0 3 0 0 1 8 0 0 0
5 6 9 0 0 0 7 0 0 0 11 12
0 11 0 8 0 0 10 0 0 0 0 1
3 0 0 0 10 0 9 8 5 12 0 4
0 10 0 0 4 0 2 0 0 0 0 0
0 0 12 0 0 7 3 0 11 0 0 2
7 0 0 12 6 9 5 2 0 3 0 0
6 0 0 0 11 0 12 0 0 5 10 0
11 0 0 0 0 3 4 10 0 0 0 0
12 3 4
4 7 0 11 0 0 2 1 5 3 0 0
10 0 0 0 3 0 0 8 7 9 4 0
0 0 0 0 0 4 0 0 0 10 1 0
1 9 0 5 0 0 6 0 0 0 0 0
0 2 0 0 7 0 0 12 0 0 0 10
0 0 3 0 0 8 11 4 6 2 7 0
0 0 8 0 0 0 0 0 0 0 0 0
0 0 0 4 6 0 0 0 0 1 3 0
3 0 2 6 0 5 12 0 10 7 0 0
8 4 0 2 0 0 0 0 1 12 0 0
0 1 0 9 0 0 4 0 11 0 2 0
0 5 0 0 0 0 0 0 0 0 8 3
12 3 4
0 2 0 9 6 0 0 5 0 0 0 0
0 5 12 0 10 0 0 0 0 2 7 11
0 6 0 0 0 9 0 0 8 0 0 0
2 3 0 0 0 0 0 1 0 8 0 7
0 8 5 7 9 0 0 0 0 10 2 0
0 0 9 0 0 0 0 0 0 0 4 0
0 0 0 0 1 0 10 0 12 0 0 0
0 10 0 1 0 0 9 0 11 7 0 0
0 9 8 0 0 0 0 7 3 0 0 0
9 7 0 8 0 5 1 0 2 11 6 4
0 0 0 0 3 0 7 9 5 0 0 1
11 0 0 0 2 0 0 12 0 9 0 0
12 3 4
11 2 0 0 8 7 4 0 0 0 0 0
0 10 4 0 0 0 9 6 0 7 5 0
0 5 0 0 0 0 0 0 0 0 10 11
0 1 11 0 0 12 0 2 10 0 0 6
0 4 7 6 0 0 10 0 8 11 3 5
0 0 0 0 0 11 0 0 7 9 0 12
0 0 5 0 0 0 3 0 0 0 0 0
0 12 6 0 2 9 0 0 1 4 0 0
0 0 0 0 0 0 12 0 5 0 2 7
0 0 0 0 0 0 1 0 11 3 0 0
0 0 0 10 0 0 7 9 0 0 8 0
7 8 1 0 0 0 5 0 0 0 0 9
12 3 4
0 1 0 2 5 0 0 6 0 0 0 0
0 4 0 0 0 0 0 0 12 8 0 1
7 0 0 0 0 0 9 1 0 0 0 0
0 9 0 11 0 4 0 0 0 3 0 5
0 0 12 6 10 0 0 0 2 11 0 9
2 5 8 0 11 0 0 9 10 0 1 7
0 12 10 0 7 3 0 0 0 0 0 0
0 0 0 0 2 0 0 8 0 0 6 11
0 8 9 1 0 11 0 10 7 4 12 2
0 11 0 4 0 0 0 0 0 0 0 0
1 0 0 3 0 0 0 0 5 2 0 0
0 0 0 9 0 0 0 12 6 0 0 0
12 3 4
3 0 0 0 10 0 6 2 4 0 0 0
0 9 0 0 0 0 0 0 0 0 8 0
8 0 12 0 0 3 0 0 0 5 0 7
1 8 11 0 0 7 5 0 0 0 10 0
7 0 0 0 0 0 0 12 9 0 0 1
4 5 0 0 0 0 8 0 0 0 7 0
0 0 0 0 8 0 10 5 0 0 0 4
0 0 3 10 0 0 1 11 12 0 0 9
5 2 0 0 0 0 0 4 0 8 0 3
10 0 8 5 0 0 0 0 7 0 12 11
6 7 9 0 0 0 2 10 0 0 1 0
0 0 0 12 0 0 0 0 10 2 0 0
12 3 4
2 0 9 0 7 6 4 0 0 0 0 0
5 0 0 0 2 0 0 0 3 1 0 0
0 10 0 0 0 0 0 0 0 4 0 0
12 0 0 0 0 0 3 0 0 6 0 1
0 8 0 0 11 0 0 0 0 0 0 4
0 6 0 1 0 7 0 12 0 2 0 0
0 0 0 0 4 0 0 11 0 0 6 3
0 1 0 7 8 9 0 3 4 12 0 2
0 0 8 0 10 0 0 0 5 0 0 11
6 0 5 11 0 1 10 0 0 7 8 9
0 2 12 0 0 0 7 0 0 10 0 5
3 0 4 0 6 0 0 0 0 0 0 12
12 3 4
7 4 8 0 0 0 10 12 0 0 0 6
0 0 0 0 0 0 2 4 1 0 0 0
0 0 0 0 1 0 0 0 0 0 10 0
11 0 0 0 0 0 6 0 12 9 0 0
6 0 0 0 0 0 0 0 7 3 0 11
5 10 0 12 0 7 0 0 8 6 0 1
0 0 4 11 0 0 0 0 0 0 2 12
9 3 0 5 0 6 0 0 0 0 1 0
0 0 0 0 9 8 0 2 11 0 3 0
0 0 1 4 0 10 8 6 0 0 0 2
0 7 0 9 0 1 0 0 0 8 11 0
8 0 0 0 0 0 12 7 9 0 0 10
12 3 4
0 0 0 3 12 5 0 0 0 0 0 0
0 0 9 11 0 4 1 0 0 8 0 0
0 7 0 0 0 0 0 0 0 0 11 0
0 0 4 0 0 0 10 0 0 9 0 6
0 9 0 10 0 2 0 11 8 1 0 7
0 0 7 0 0 3 5 6 12 0 0 0
6 0 0 0 0 8 0 0 3 0 0 0
3 12 5 0 10 0 0 0 0 11 1 0
0 0 0 0 1 0 9 4 0 12 0 0
0 2 0 0 0 0 0 10 0 6 0 0
0 0 12 4 0 0 8 7 2 0 5 3
11 3 10 8 0 1 0 2 0 0 0 9
12 3 4
0 7 0 11 0 10 0 3 2 0 0 4
10 0 0 12 0 0 0 6 1 0 0 0
0 0 8 2 0 11 0 0 0 0 0 0
0 0 12 10 0 0 0 4 0 3 0 0
0 0 5 0 0 2 0 0 8 9 11 0
8 0 4 0 0 9 12 7 10 6 0 0
3 5 0 0 0 7 0 11 0 12 2 0
0 0 11 0 0 1 3 0 5 0 0 10
2 0 0 0 0 6 8 0 0 4 0 0
9 0 0 0 0 0 0 0 0 2 7 0
0 0 0 0 8 3 1 0 9 0 4 0
0 0 0 0 10 0 2 0 0 1 0 12
12 3 4
0 0 0 5 0 1 2 3 0 0 0 0
0 0 0 2 0 0 12 9 6 4 0 0
0 0 7 0 11 0 0 0 0 12 0 0
0 0 0 0 0 3 0 2 10 8 0 7
12 0 0 0 0 11 0 0 0 0 1 0
8 0 0 9 0 4 10 0 0 0 2 6
2 0 0 12 0 0 3 1 0 0 0 0
0 7 4 10 0 0 6 0 0 9 0 0
0 0 0 3 0 0 5 8 0 0 0 12
5 1 6 0 0 10 0 11 12 0 0 0
0 0 12 7 0 2 0 0 0 0 9 0
3 0 11 4 1 0 7 0 8 0 0 10
12 3 4
0 0 0 10 9 7 1 8 4 0 0 11
0 0 0 0 4 0 0 0 9 0 0 0
0 7 0 5 0 0 6 0 0 1 0 3
5 0 10 0 2 4 0 0 0 0 0 8
7 0 0 0 5 10 0 0 0 0 0 0
4 6 0 0 11 12 8 0 0 0 0 0
0 0 8 0 0 0 0 9 0 0 0 0
10 0 0 0 0 1 0 7 0 4 9 0
0 0 0 2 0 0 5 6 0 12 1 7
3 1 6 0 0 0 0 0 0 9 11 0
12 9 0 0 0 5 0 3 8 0 4 10
0 0 0 8 0 0 9 0 2 5 0 0
12 3 4
0 9 7 4 1 0 8 0 0 5 0 0
0 0 0 0 9 0 11 0 0 0 0 0
0 5 0 0 6 10 0 0 0 0 0 0
11 8 0 6 2 0 0 0 0 0 4 0
0 0 4 0 0 0 0 12 8 0 0 0
3 0 0 5 0 0 0 6 0 0 1 10
0 11 0 0 8 4 0 0 3 0 10 7
0 3 0 0 7 6 2 0 0 11 8 9
0 10 0 12 0 0 0 5 0 2 0 4
0 0 0 10 11 1 0 0 2 0 0 0
0 0 0 0 4 5 3 0 0 8 0 1
0 0 0 0 0 12 0 9 0 3 6 11
12 3 4
10 0 12 0 0 11 0 0 4 0 0 0
3 0 2 0 1 0 12 0 8 11 0 6
9 6 11 0 5 8 2 0 3 0 0 10
0 0 3 0 0 6 7 5 0 0 0 12
0 1 7 0 0 0 0 0 5 0 0 3
0 0 0 0 0 0 0 0 9 10 0 0
7 3 9 0 0 0 0 0 0 1 0 8
1 0 10 0 0 0 0 0 7 5 0 0
0 8 5 2 0 0 10 0 12 0 9 0
0 0 0 0 0 0 0 0 11 0 0 9
0 9 1 0 0 0 0 2 0 3 0 7
0 0 0 0 0 3 0 6 10 0 0 1
12 3 4
10 0 6 4 0 0 0 0 2 3 0 1
7 11 0 0 2 8 3 0 0 12 0 0
1 0 8 0 10 0 0 6 0 0 0 0
0 0 0 0 0 0 0 0 12 0 0 0
0 1 11 5 0 0 9 0 0 0 7 3
0 0 9 0 0 1 2 12 4 0 5 0
8 0 4 6 9 0 0 2 0 7 0 5
0 0 0 2 0 7 0 4 8 0 9 11
0 9 0 0 0 6 0 0 0 0 0 2
2 0 0 0 0 0 11 7 1 0 8 0
0 0 0 0 0 9 8 0 0 0 0 6
5 0 0 7 0 0 4 0 0 0 0 0
12 3 4
0 0 0 3 0 2 0 0 9 6 12 0
4 1 7 6 8 0 0 12 0 11 3 10
0 0 10 0 3 0 0 11 5 8 2 7
0 2 0 1 0 0 0 0 0 10 0 0
0 0 11 0 0 0 2 10 8 4 0 12
0 7 8 12 4 0 11 1 0 0 9 0
10 0 0 7 0 1 0 0 0 0 0 0
0 8 0 0 0 0 3 0 0 9 0 0
0 0 0 11 6 0 0 0 0 2 0 0
0 0 3 4 0 0 0 0 0 7 10 0
0 0 0 0 0 0 0 0 11 0 0 0
0 0 1 9 0 10 12 0 0 0 0 5
12 3 4
0 0 0 0 0 0 0 11 6 0 10 0
4 0 0 3 12 0 2 0 0 7 11 0
9 0 0 0 0 4 10 0 0 0 0 3
0 7 0 12 9 5 1 3 0 8 2 6
0 0 6 5 10 0 0 2 4 0 9 1
10 0 0 1 11 0 0 7 0 0 12 0
0 0 7 2 0 0 0 9 0 10 0 0
0 4 0 0 0 0 6 0 0 0 0 12
11 0 0 0 0 1 0 0 0 9 0 0
0 0 0 0 6 0 5 0 10 1 0 0
2 0 0 0 3 11 0 4 0 0 7 0
0 0 3 0 0 8 0 0 0 0 0 5
12 3 4
0 0 0 0 0 0 0 0 4 0 0 0
1 0 9 11 6 0 0 7 8 5 0 3
0 7 6 10 9 0 1 2 0 0 12 0
0 0 8 0 4 0 0 10 0 11 7 0
12 9 0 0 2 0 0 0 3 10 0 0
0 0 2 0 11 7 0 0 6 0 1 0
0 0 0 3 0 0 0 5 0 0 0 2
7 0 4 0 8 11 0 9 0 1 10 6
0 2 0 0 0 0 7 0 0 0 3 0
0 0 0 0 0 0 2 0 0 3 0 10
0 0 0 9 0 6 0 4 0 0 0 0
0 0 0 0 10 3 0 0 0 12 5 8
12 3 4
7 8 0 3 5 0 0 10 11 0 2 0
1 5 0 0 4 0 0 0 0 9 12 0
0 0 11 0 0 6 0 0 0 3 7 5
0 0 1 0 0 0 8 2 6 0 0 0
0 2 0 6 0 11 10 4 0 0 0 1
4 0 12 9 0 3 6 5 2 8 0 0
3 0 0 0 0 0 12 0 0 0 0 0
6 0 0 8 0 5 11 0 0 0 0 0
0 0 0 0 0 9 7 6 0 0 0 8
0 0 2 10 0 0 9 1 0 0 11 0
0 0 8 0 0 0 0 12 3 0 0 0
0 12 0 0 0 8 0 0 0 10 0 0