12 3 4
0 0 0 0 0 0 0 0 0 0 0 0
0 0 0 11 0 0 0 0 0 0 12 0
0 0 0 0 0 0 0 0 0 0 0 0
0 0 0 0 0 0 0 0 0 10 0 0
0 0 0 0 0 0 0 0 0 0 0 0
0 12 0 0 6 0 3 0 0 0 0 0
0 0 0 10 0 0 0 0 0 0 0 0
0 0 0 0 0 0 6 0 0 0 0 0
0 0 0 0 0 0 10 0 0 0 0 0
0 6 0 0 0 0 0 0 0 0 0 0
0 10 0 0 0 0 0 0 0 0 0 0
0 0 0 0 0 0 0 0 0 0 0 0
12 3 4
0 0 0 0 0 0 0 0 0 0 1 0
0 0 0 0 9 0 0 0 0 11 4 0
0 0 0 0 0 0 0 0 0 0 0 0
0 0 0 0 0 0 0 0 6 0 0 0
0 0 0 0 0 0 0 0 1 0 0 0
0 0 0 0 0 0 0 0 0 0 0 0
0 0 0 0 0 5 0 0 0 0 0 0
0 0 0 2 0 0 0 0 0 0 0 0
0 0 0 0 0 0 0 0 0 0 8 0
2 0 0 0 0 0 0 0 0 0 0 0
0 0 0 0 0 0 0 5 0 0 0 0
0 0 0 0 0 0 0 0 0 0 0 0
12 3 4
0 0 0 0 0 0 0 0 0 0 0 0
0 0 0 0 0 0 0 0 0 0 0 0
0 0 0 12 0 0 0 0 0 0 0 0
0 0 0 0 0 0 6 0 0 0 0 0
0 0 0 0 0 9 0 0 1 0 0 0
0 0 0 0 0 0 0 0 0 0 0 0
0 0 0 0 0 0 0 0 0 0 0 0
0 0 0 0 0 0 0 0 3 0 0 0
0 0 0 0 0 0 0 0 11 0 0 0
0 9 0 0 0 0 5 0 0 0 0 0
0 0 0 0 0 0 0 0 0 0 0 0
0 3 0 0 0 2 0 0 9 0 0 0
12 3 4
0 0 0 0 0 0 0 0 0 0 0 0
0 10 0 0 0 0 0 0 0 0 0 0
0 0 0 0 0 0 0 0 0 0 0 0
0 0 0 0 0 0 0 0 0 0 0 0
0 0 0 6 0 0 0 0 0 0 0 0
0 0 0 0 0 0 0 0 0 0 0 0
0 0 0 0 0 0 0 0 0 0 0 0
0 3 0 0 0 7 0 0 0 0 0 2
0 0 0 5 0 0 6 0 3 0 0 0
0 0 0 0 0 0 0 2 0 0 0 0
0 7 0 0 0 0 0 0 0 0 0 0
0 0 0 0 0 12 0 0 0 0 0 0
12 3 4
0 0 0 0 0 0 0 0 0 0 0 0
0 0 0 0 1 0 0 0 6 0 0 4
0 0 0 7 0 0 0 0 0 0 0 0
0 0 0 0 0 0 0 0 0 0 0 6
0 0 0 0 0 0 0 0 0 0 0 0
0 0 0 0 0 0 0 0 0 0 0 0
0 0 0 0 0 4 0 0 12 0 0 0
0 0 0 0 0 0 0 0 0 0 0 8
0 0 0 0 0 0 0 0 11 0 0 0
0 11 0 0 0 0 0 0 0 0 0 0
0 0 0 0 0 0 0 0 0 6 0 0
0 0 0 0 0 0 0 0 0 0 0 0
12 3 4
0 0 0 0 0 0 0 0 0 0 0 0
0 0 0 6 0 0 0 0 0 0 0 0
0 0 0 0 0 0 0 6 0 0 0 0
0 0 3 0 0 0 0 0 0 0 9 0
0 0 0 0 0 0 0 0 0 0 0 0
0 0 0 9 0 0 0 0 0 0 0 0
0 12 0 0 0 0 0 0 0 0 0 0
0 0 0 0 0 0 0 0 0 0 0 0
0 0 0 7 0 0 0 0 10 5 0 0
0 0 0 0 0 0 0 0 0 0 0 0
0 0 0 0 0 0 0 0 0 0 0 0
0 0 0 0 0 0 4 0 0 0 0 3
12 3 4
0 0 8 0 0 1 0 0 0 0 0 0
0 0 0 1 0 0 0 0 0 0 0 0
0 0 0 0 0 0 0 6 0 0 0 0
5 0 9 0 0 0 0 0 0 0 0 0
0 0 0 0 0 0 0 0 0 0 0 0
0 0 2 0 0 0 0 0 0 0 0 0
0 0 0 0 0 0 0 0 0 0 0 0
0 0 12 0 0 0 0 0 0 0 0 0
0 0 0 0 0 0 0 0 0 0 0 0
0 2 0 0 0 0 0 0 0 0 0 0
0 0 0 0 0 0 0 0 0 0 0 0
0 0 0 0 0 0 0 0 10 7 0 0
12 3 4
0 0 0 0 0 0 0 0 0 0 0 0
0 0 0 0 0 0 0 0 0 0 0 0
0 0 0 0 0 0 0 0 0 0 0 0
0 0 10 8 3 0 0 0 0 0 0 0
0 0 0 0 0 0 0 0 0 0 0 0
0 0 0 0 0 0 11 0 0 0 0 0
0 0 0 0 0 0 0 8 0 0 0 0
0 0 0 0 0 0 0 0 0 0 0 5
0 0 0 0 0 0 0 0 0 0 0 0
0 0 0 0 0 0 0 0 9 0 0 2
0 0 0 9 0 0 10 0 0 0 0 0
0 0 1 0 0 0 0 0 0 0 0 0
12 3 4
0 5 0 0 0 0 0 0 0 0 0 0
0 0 0 0 0 0 0 0 0 0 0 0
0 0 1 0 0 0 0 0 0 0 0 0
0 0 0 0 0 0 0 0 0 0 8 0
0 0 0 0 0 0 0 0 0 0 0 0
0 0 0 0 0 0 5 0 0 0 0 0
0 0 0 0 0 0 2 0 0 0 0 0
0 0 0 0 0 0 0 0 0 0 0 0
0 0 0 0 0 4 0 0 7 0 0 11
0 0 0 0 0 0 0 0 0 0 0 0
0 0 0 0 12 0 0 0 0 0 3 0
0 0 0 0 3 0 0 0 0 0 0 0
12 3 4
0 0 0 0 0 0 0 0 0 0 0 0
0 0 0 0 0 0 12 0 0 0 0 0
0 0 0 0 0 0 0 0 0 0 0 0
0 0 0 0 0 0 0 0 0 0 0 0
0 0 0 0 0 9 0 0 0 0 0 0
0 0 0 0 0 0 0 0 0 0 0 0
10 0 0 0 0 0 0 0 0 0 0 0
0 0 0 8 0 0 0 0 0 0 0 0
0 0 11 0 0 0 0 0 0 0 0 0
0 9 0 0 0 0 0 0 0 0 0 4
0 0 0 0 0 0 2 0 1 0 0 0
0 0 0 4 0 0 0 0 0 0 6 0
12 3 4
0 0 0 0 0 0 0 0 0 0 0 0
0 0 0 0 0 0 0 0 10 0 0 0
0 0 0 0 0 0 0 0 0 0 0 0
0 0 2 0 0 0 0 0 0 0 0 0
0 0 0 0 0 0 0 0 3 0 0 11
0 0 0 0 0 0 0 0 6 2 0 0
0 0 0 0 0 0 0 0 0 0 0 0
1 0 0 0 0 0 0 0 0 0 0 0
0 0 0 0 0 0 0 0 0 0 0 0
0 0 0 0 0 0 0 0 0 0 0 0
0 0 5 0 3 0 0 0 0 0 0 0
0 0 0 6 0 0 0 0 0 0 0 9
12 3 4
0 0 0 0 0 0 0 0 0 0 0 0
0 0 0 0 0 6 0 0 0 0 0 11
0 0 0 0 0 0 0 0 0 0 0 0
0 0 0 0 0 2 0 0 0 0 0 0
0 0 0 0 0 0 0 0 0 0 0 0
0 0 0 0 0 0 0 0 11 0 0 0
0 0 0 2 0 0 0 0 3 0 0 0
0 0 0 0 0 12 0 0 0 0 0 0
0 0 5 0 0 0 0 0 0 0 0 0
0 0 0 0 0 0 0 1 0 10 0 0
0 0 0 0 0 0 0 12 0 0 0 0
0 0 0 0 0 0 0 0 0 0 0 0
12 3 4
0 0 10 8 0 0 0 0 0 0 0 0
0 0 0 0 0 0 0 0 0 8 0 0
0 5 7 0 0 0 0 2 0 0 0 0
0 10 0 0 0 0 0 0 0 0 11 0
0 11 0 0 0 0 0 0 0 0 0 0
0 0 0 0 0 0 0 0 0 0 0 0
0 0 0 0 0 0 0 0 0 0 0 0
0 0 0 0 0 0 0 0 0 0 0 0
9 0 0 0 0 0 0 0 0 0 0 0
0 0 0 0 0 0 0 0 0 0 0 0
0 0 0 0 0 0 0 0 0 0 0 0
0 0 0 0 0 3 0 0 0 0 0 0
12 3 4
0 0 0 11 0 0 0 6 0 0 0 0
6 0 0 0 0 0 0 0 0 0 0 0
0 0 0 0 0 0 0 0 0 0 0 0
0 0 0 0 0 0 0 0 0 5 0 0
0 0 0 0 0 0 5 0 0 0 12 0
0 0 0 0 7 0 0 0 1 0 0 0
0 0 0 0 0 0 0 0 0 0 0 0
0 0 0 0 0 2 0 0 0 0 0 0
0 0 0 0 0 0 0 0 0 0 0 0
0 0 0 0 8 0 0 0 0 0 0 0
0 0 0 0 0 0 0 7 0 0 0 0
0 0 0 0 0 0 0 0 0 0 0 0
12 3 4
0 0 0 0 0 0 0 0 0 0 0 0
0 11 0 0 0 0 0 6 0 0 0 0
0 1 0 4 0 0 11 0 0 0 0 0
0 0 0 0 0 0 0 0 0 0 0 0
0 0 0 0 0 0 0 0 0 0 0 0
0 0 0 7 0 0 0 0 0 0 0 0
0 2 0 0 0 0 0 0 0 0 0 5
0 0 0 0 0 0 0 0 0 0 0 0
0 0 0 0 0 0 0 0 0 0 0 0
0 0 0 0 6 0 0 1 0 0 0 0
0 0 0 0 0 0 0 0 0 0 0 0
10 0 0 0 0 0 0 0 0 0 0 0
12 3 4
0 0 0 0 11 0 0 0 0 0 0 0
0 0 0 0 0 0 0 3 0 0 12 0
0 0 0 4 0 0 0 0 0 0 0 0
0 0 0 0 0 0 0 0 0 0 0 0
0 0 0 0 0 0 0 0 0 0 11 0
0 6 0 0 0 3 0 0 0 0 0 0
0 0 0 0 0 0 0 0 7 0 0 0
0 0 0 0 0 0 0 0 0 10 0 0
0 0 0 7 0 5 0 0 0 0 0 0
0 0 0 0 0 0 0 0 0 0 0 0
0 0 0 0 0 0 0 0 0 0 0 0
0 0 0 0 0 0 0 0 0 0 0 0
12 3 4
0 0 0 0 0 0 0 0 0 12 0 0
0 0 6 0 0 0 0 0 0 0 0 0
0 2 0 0 0 0 0 0 0 0 0 0
0 0 0 7 0 0 0 4 0 0 0 0
0 0 0 0 8 0 0 0 0 0 0 0
0 9 0 0 0 0 0 0 0 0 0 0
0 0 0 0 0 0 0 0 0 0 0 0
0 0 0 0 0 0 0 0 0 0 0 0
0 0 0 10 0 0 11 0 0 0 0 0
0 0 0 0 0 0 0 0 0 0 0 0
0 0 0 0 0 0 0 0 0 4 0 0
10 0 0 0 0 0 0 0 0 0 0 0
12 3 4
0 0 0 0 7 0 0 0 0 0 0 0
0 0 0 0 0 3 0 0 0 0 0 0
0 0 0 0 0 0 0 0 0 0 0 0
0 0 0 0 0 10 0 0 0 0 0 0
3 0 0 0 0 0 0 0 0 0 0 0
0 0 0 0 0 0 0 6 0 0 0 0
0 0 0 0 0 0 0 0 0 0 0 0
0 0 0 0 0 0 0 10 0 0 0 0
0 0 0 6 0 0 0 0 0 0 0 0
0 3 5 0 0 0 0 0 0 0 0 0
8 0 0 0 0 0 0 0 0 0 0 0
0 0 0 0 2 0 0 0 0 0 0 0
12 3 4
0 0 0 0 0 0 0 0 0 9 1 0
8 0 0 0 0 0 0 0 0 0 0 0
0 0 0 0 0 0 0 0 0 0 0 0
0 0 0 0 0 0 0 0 0 0 0 0
0 0 0 0 0 0 0 0 0 0 11 0
0 0 0 12 0 0 0 0 0 0 0 0
0 0 0 0 0 0 0 10 0 0 5 0
0 0 0 0 0 0 0 0 0 0 0 0
0 0 0 0 0 0 3 0 0 0 0 12
0 0 0 0 0 0 0 0 6 0 0 0
0 0 0 0 0 0 0 7 0 0 0 0
0 0 0 0 0 0 0 0 0 0 0 0
12 3 4
0 0 0 0 0 0 0 0 3 0 0 0
0 0 0 0 0 0 0 0 12 0 0 0
0 0 0 0 0 0 0 0 0 0 0 0
0 0 0 12 0 0 0 0 0 0 0 0
0 0 0 0 9 0 0 0 0 0 0 0
0 0 0 0 0 0 0 6 2 0 0 0
0 0 0 0 0 0 0 0 0 0 0 0
0 0 0 0 12 0 0 0 0 2 0 0
0 0 0 0 0 0 0 0 0 0 0 0
0 2 0 0 0 0 0 8 0 0 0 0
0 0 8 0 0 0 0 0 0 0 0 0
0 0 0 0 0 0 0 0 0 0 0 0
12 3 4
0 0 10 0 0 0 0 0 0 0 4 0
0 0 0 0 0 0 0 0 2 6 0 0
0 0 0 0 0 0 0 0 0 0 0 9
0 0 0 0 0 0 0 0 0 0 0 0
0 0 0 0 0 0 0 0 0 0 0 0
0 0 11 0 0 0 0 0 0 0 0 0
0 0 0 0 0 0 0 0 0 0 0 0
0 0 0 0 0 0 0 0 5 0 0 0
0 0 0 0 0 0 0 0 0 0 0 0
0 0 0 0 0 0 0 0 0 0 0 0
0 0 0 0 12 0 9 0 0 7 0 0
0 0 0 0 0 0 0 0 6 0 0 0
12 3 4
0 0 0 0 6 0 0 0 0 0 0 0
0 0 0 0 0 0 0 0 0 0 0 0
11 0 0 0 0 0 0 0 0 0 0 0
0 0 0 0 0 0 0 0 0 0 0 0
0 0 0 0 0 0 0 0 0 0 0 0
12 5 6 0 0 0 0 10 0 0 0 0
0 0 0 0 0 0 0 0 0 0 0 0
0 0 0 0 0 0 12 7 0 0 0 0
0 0 9 0 8 0 0 0 0 0 0 0
0 0 0 0 0 0 0 0 0 0 0 0
0 0 0 0 0 0 0 0 0 0 0 0
0 0 7 0 0 0 0 0 0 0 0 0
12 3 4
0 0 0 0 0 0 0 0 0 0 0 0
0 4 5 0 0 0 0 0 0 0 0 0
0 0 0 0 0 0 0 0 0 0 0 0
0 0 0 0 0 11 0 0 0 0 0 0
0 0 0 0 0 9 0 0 12 0 0 0
0 0 0 0 0 0 0 0 0 0 0 0
0 0 0 0 0 0 0 0 0 0 0 0
0 0 0 0 0 0 0 0 0 0 0 0
0 0 0 0 0 0 8 0 0 0 0 0
0 0 0 0 0 0 5 0 0 0 0 0
0 0 0 0 0 10 0 0 0 0 2 0
0 0 1 0 2 0 0 0 0 0 0 0
12 3 4
0 0 0 0 0 0 0 0 0 0 0 0
0 0 6 0 0 0 0 0 0 0 0 12
0 0 0 0 0 7 0 0 0 0 0 0
0 0 0 0 0 0 0 0 0 0 0 0
0 0 0 0 0 0 0 0 0 0 0 0
0 0 8 0 0 0 2 0 5 0 0 0
0 0 0 0 0 0 0 0 0 0 0 0
0 0 0 0 0 0 5 0 0 7 0 0
4 0 0 0 0 0 0 0 0 0 0 0
0 0 0 0 0 0 0 0 0 0 0 0
0 0 0 0 0 0 0 0 0 0 7 0
0 0 0 0 0 0 0 0 0 0 0 5
12 3 4
0 0 0 0 0 0 0 0 0 0 0 0
0 0 0 0 0 0 0 0 0 0 11 0
6 0 0 0 0 0 0 0 0 0 0 0
0 0 0 0 0 0 0 0 0 0 0 0
1 0 0 0 0 0 0 0 0 0 0 0
0 0 0 0 0 0 0 0 0 0 0 0
0 0 0 0 0 0 0 0 0 0 0 0
0 0 3 0 0 0 0 0 0 8 0 0
0 4 0 0 9 0 0 1 0 0 0 0
4 0 0 0 0 0 0 0 0 0 0 0
0 0 0 0 0 0 0 0 0 0 0 2
0 0 0 0 0 0 0 0 0 3 0 0
12 3 4
0 0 0 0 0 0 0 12 0 0 0 0
0 0 0 0 4 0 0 0 8 0 0 0
0 0 0 0 0 0 0 0 0 0 0 0
0 0 0 0 0 0 1 0 0 0 0 0
0 0 0 0 2 0 7 0 0 0 0 0
0 0 0 0 0 0 0 11 0 0 0 0
0 0 0 9 0 0 0 0 0 0 0 0
0 0 0 2 0 0 0 0 0 0 0 0
0 0 0 0 0 0 0 0 0 0 0 0
0 0 0 0 0 0 0 0 0 0 0 0
0 0 0 0 0 1 0 0 0 0 0 0
0 0 0 0 12 0 0 0 0 0 0 0
12 3 4
0 0 0 0 0 0 0 0 0 1 0 0
1 0 0 0 0 0 11 0 0 0 0 0
5 0 0 0 0 0 0 0 0 0 4 0
0 0 0 0 0 0 0 0 0 0 0 0
0 0 0 0 0 0 0 0 6 0 0 0
0 0 0 0 7 0 0 0 0 0 0 0
0 0 0 0 0 0 10 0 0 0 0 0
0 0 0 0 0 0 0 0 0 0 0 0
0 0 0 0 0 0 0 12 0 0 0 0
0 0 0 10 0 2 0 0 0 0 0 0
0 0 0 0 0 0 0 0 0 0 0 0
0 0 0 0 0 0 0 0 0 0 0 0
12 3 4
0 0 4 0 0 0 0 0 0 11 0 0
0 0 0 0 0 0 0 0 0 0 0 0
0 0 0 0 0 0 0 0 0 0 0 0
0 0 0 0 0 0 0 0 0 0 0 0
12 0 0 0 0 0 0 0 0 0 0 0
0 0 0 0 0 0 0 0 0 0 0 0
0 0 0 0 0 0 0 0 0 0 0 0
0 0 0 0 0 0 0 0 0 0 9 2
9 0 0 0 0 0 8 0 0 0 7 0
0 0 0 0 0 0 0 0 0 0 0 0
0 0 0 0 0 0 0 7 0 0 0 0
0 11 0 0 0 4 0 0 0 0 0 0
12 3 4
0 0 0 0 0 0 0 0 0 0 0 0
0 0 0 0 0 0 0 0 0 0 0 0
0 0 0 0 0 0 0 0 0 0 11 0
0 0 0 0 0 0 0 0 0 8 0 0
0 0 0 0 0 0 0 0 0 0 0 0
0 10 0 0 0 0 0 0 0 0 5 0
0 0 3 12 0 0 0 0 0 0 0 0
0 0 0 0 0 0 0 0 0 0 0 0
0 0 0 0 0 0 0 0 0 0 0 0
2 0 5 0 0 0 0 0 0 0 4 0
0 0 0 0 0 8 0 0 0 0 0 0
0 0 0 0 0 0 0 0 6 0 0 0
12 3 4
0 0 0 11 0 0 0 0 0 0 0 0
0 0 0 0 0 0 0 0 0 0 0 0
0 0 0 0 0 0 0 0 0 0 0 0
0 0 0 0 0 0 0 0 0 0 0 0
0 0 0 0 0 0 0 0 0 0 0 7
0 0 0 0 6 2 0 0 0 0 0 0
0 0 0 0 0 0 0 0 0 0 0 0
6 0 0 0 0 0 0 3 0 0 0 0
0 0 0 0 0 0 0 0 0 0 0 0
0 11 0 0 0 0 0 0 0 0 0 8
0 9 0 0 0 0 0 0 0 0 0 0
0 12 0 0 0 0 2 0 0 0 0 0
12 3 4
0 0 0 0 0 0 0 0 0 0 0 0
5 0 0 0 0 0 0 0 0 0 0 0
0 0 0 0 0 0 0 0 0 0 0 0
0 0 10 0 0 0 0 0 0 0 1 2
0 0 0 0 0 0 0 0 0 0 0 0
0 7 0 0 0 0 0 0 0 0 0 0
0 8 0 0 0 0 0 0 0 0 0 0
0 0 0 0 0 7 0 0 0 0 0 0
0 0 9 0 0 0 0 0 4 0 0 0
0 5 0 6 0 0 0 0 0 0 0 0
0 0 0 0 0 0 0 0 0 0 0 0
0 0 0 0 0 0 0 0 0 0 0 0
12 3 4
0 2 0 0 0 0 0 7 0 0 0 0
0 0 0 6 0 0 0 4 0 0 0 0
11 0 0 0 0 0 0 0 0 0 0 0
0 0 10 0 0 0 0 0 0 0 0 0
0 0 0 0 0 0 0 0 0 0 0 0
0 0 0 0 12 0 0 0 0 9 0 0
0 0 0 0 0 0 0 0 0 0 10 9
0 0 0 0 0 0 0 0 0 0 8 0
0 0 0 0 0 0 0 0 0 0 0 0
0 0 0 0 0 0 0 0 0 0 0 0
0 0 0 0 0 0 0 0 0 0 0 0
0 0 0 0 0 0 0 0 0 0 0 0
12 3 4
6 0 0 0 0 0 0 2 0 0 0 0
0 0 0 0 0 0 0 0 0 0 0 11
0 0 0 0 0 0 0 0 0 0 0 0
0 0 0 0 0 0 0 0 0 0 0 0
0 0 0 0 0 0 0 0 12 0 0 0
0 7 0 0 0 0 8 0 0 0 0 2
0 0 0 0 0 0 0 0 0 0 0 0
0 0 5 0 0 0 0 0 0 0 12 0
0 0 0 0 0 0 0 0 0 0 0 0
0 0 0 0 0 0 0 0 0 0 0 0
0 0 0 0 0 0 9 0 10 0 0 0
0 0 0 0 0 0 0 0 0 0 0 0
12 3 4
0 0 0 0 0 0 0 0 0 0 9 0
0 0 2 0 0 0 0 0 0 0 6 0
0 0 0 0 0 0 0 0 4 0 0 0
0 6 0 0 0 0 0 0 9 0 0 0
0 0 0 9 0 0 7 0 0 0 0 0
0 0 0 0 0 0 0 0 0 0 0 2
0 0 0 0 0 0 0 0 0 0 0 0
0 0 0 0 0 0 11 0 0 0 0 0
0 0 0 0 0 0 0 0 0 0 0 0
0 0 0 0 0 0 0 0 0 0 0 0
0 0 0 0 0 0 0 0 0 2 0 0
0 0 0 0 0 0 0 0 0 0 0 0
12 3 4
3 0 0 0 0 0 0 0 0 0 0 0
0 0 0 0 0 0 0 0 0 0 5 0
0 0 0 0 0 0 0 0 0 0 3 0
6 0 0 0 0 0 0 0 0 0 12 0
0 0 0 0 0 0 0 0 0 0 0 0
0 0 0 0 0 0 0 0 0 0 0 0
0 0 0 6 0 0 0 0 0 0 0 0
0 0 0 0 0 0 0 0 0 5 0 0
0 0 12 0 0 7 0 0 0 0 0 0
0 0 0 8 0 0 0 0 0 0 0 0
0 10 0 0 0 0 0 0 0 0 0 0
0 0 0 0 0 0 0 0 0 0 0 0
12 3 4
0 0 0 0 0 0 0 0 0 0 0 0
0 0 0 0 0 0 0 0 0 0 0 0
0 11 0 0 0 0 0 0 7 0 0 0
0 0 0 0 6 0 5 0 0 0 12 0
0 0 0 0 0 0 0 0 0 0 0 0
0 0 0 0 0 0 0 7 0 0 0 0
0 0 0 0 0 1 0 0 0 0 2 0
0 0 0 0 0 0 0 0 0 0 0 0
0 0 0 0 0 0 0 0 0 0 5 0
0 0 0 0 0 0 0 1 0 0 0 0
0 0 0 0 0 0 0 0 0 0 0 0
0 0 0 1 0 0 0 0 0 0 0 0
12 3 4
0 0 0 0 0 0 0 0 0 0 0 0
0 0 0 0 11 0 0 0 0 0 0 0
0 0 0 0 0 0 0 0 0 0 0 0
0 0 0 7 0 0 0 12 0 0 0 0
0 0 0 0 0 0 0 0 0 0 0 0
0 0 0 0 0 0 0 0 0 0 0 9
0 0 0 0 0 0 3 0 6 0 0 0
0 0 0 0 0 0 0 0 0 0 11 0
0 0 0 0 0 0 0 10 0 0 2 0
0 0 0 0 0 0 0 0 0 0 0 10
0 0 0 0 0 0 0 0 0 0 0 0
0 0 0 0 0 7 0 0 0 0 0 0
12 3 4
0 0 0 0 0 12 0 0 0 10 0 0
0 0 0 0 0 0 0 0 0 0 0 0
0 0 0 0 0 0 0 0 0 0 0 0
0 0 0 0 0 0 0 0 0 4 0 0
0 0 0 0 0 0 0 0 0 0 0 0
0 0 0 0 0 0 0 11 0 0 0 1
0 0 0 0 0 0 0 0 0 0 0 0
0 0 0 10 0 0 0 0 0 0 5 11
0 0 12 0 0 0 0 0 0 0 0 2
0 8 0 0 0 0 0 0 0 0 0 0
0 0 0 0 0 0 0 0 0 0 0 0
0 0 0 0 0 0 0 0 0 0 0 0
12 3 4
0 0 0 0 0 0 0 0 0 0 0 0
0 0 0 0 0 0 11 6 0 0 0 0
2 0 5 0 0 0 0 0 0 0 0 0
0 0 0 0 0 0 0 0 0 0 0 0
0 0 0 0 0 0 0 0 0 0 0 0
0 0 0 0 0 0 0 0 0 0 0 0
0 0 0 0 0 0 0 0 11 0 0 0
0 0 0 0 0 0 0 0 0 0 0 0
0 0 0 0 0 0 0 0 0 0 0 0
0 0 0 0 0 0 0 0 0 0 10 3
0 0 0 0 8 0 0 9 0 1 0 0
0 0 0 8 0 0 0 0 0 0 0 0
12 3 4
0 0 0 0 0 0 0 0 0 0 2 0
0 0 0 12 0 0 0 0 0 0 0 0
0 0 3 0 0 0 0 0 9 0 0 0
0 0 0 0 0 0 0 3 0 0 0 0
0 0 0 0 0 0 0 0 1 0 0 0
0 0 0 0 0 0 0 0 0 0 0 0
0 0 0 0 0 0 0 0 0 0 0 4
3 0 0 0 0 0 0 0 0 0 0 0
0 0 0 0 0 0 0 0 0 0 0 0
5 0 0 0 0 0 0 0 0 0 0 0
0 0 4 0 0 0 0 0 0 0 12 0
0 0 0 0 0 0 0 0 0 0 0 0
12 3 4
0 0 11 0 0 0 0 0 0 0 0 0
0 0 0 0 0 8 0 0 0 0 0 0
0 0 0 0 0 0 0 0 0 0 0 5
0 0 0 0 5 0 0 12 0 0 11 0
0 0 0 0 0 0 0 0 0 0 0 8
0 0 2 0 0 0 0 0 0 0 0 0
0 0 0 0 0 0 0 0 0 0 0 0
0 0 0 0 0 7 0 0 0 0 0 0
0 0 0 0 0 2 0 0 0 0 0 0
0 0 0 0 0 0 11 0 0 0 0 0
0 0 0 0 0 0 0 0 0 0 0 0
0 0 0 0 0 0 0 0 0 0 0 0
12 3 4
0 0 0 0 0 0 0 0 0 0 0 0
0 0 0 0 0 0 0 0 0 0 0 0
0 0 0 1 0 0 3 4 0 0 0 0
0 0 0 0 0 8 0 0 0 0 0 0
0 0 0 0 0 12 0 5 0 0 0 0
0 0 0 0 0 0 0 0 0 0 0 0
0 0 0 0 0 0 0 0 0 0 0 9
0 0 0 12 0 0 0 0 0 0 0 0
0 0 0 0 0 0 0 0 0 0 0 0
0 0 0 0 0 0 0 0 0 0 0 0
0 0 0 8 0 0 0 0 0 0 0 2
0 0 0 0 0 4 0 0 0 0 0 0
12 3 4
0 0 0 6 0 0 0 0 0 12 0 0
0 0 0 0 0 0 0 0 0 0 0 0
0 0 0 0 0 0 0 0 0 0 0 0
0 0 0 0 0 0 0 0 0 0 0 3
0 0 0 0 0 0 0 0 0 0 0 2
0 0 0 0 0 0 0 0 0 0 0 0
0 0 0 0 8 2 0 0 0 0 1 0
0 0 0 0 0 0 0 0 0 0 0 0
7 0 0 0 0 0 0 0 0 4 0 0
0 0 0 0 0 0 0 0 0 0 0 0
0 0 5 0 0 0 0 0 0 0 0 0
0 0 0 0 3 0 0 0 0 0 0 0
12 3 4
0 0 0 0 0 0 0 0 0 0 0 0
0 0 0 0 0 0 0 0 0 0 0 0
0 4 10 0 0 0 0 0 0 0 0 0
0 0 0 0 0 9 0 0 0 0 0 0
0 0 9 0 0 0 0 0 0 0 0 0
0 0 0 0 0 1 0 3 0 0 0 0
0 0 0 0 0 0 0 0 0 0 3 0
0 0 4 0 0 0 0 0 0 12 0 0
0 0 0 0 0 0 0 0 0 0 0 0
0 0 0 0 0 0 0 0 0 0 0 0
0 0 0 0 0 0 0 0 0 0 0 0
0 3 0 0 0 6 0 0 0 0 0 0
12 3 4
7 0 0 0 0 0 0 0 0 0 5 0
0 0 0 0 0 0 0 0 0 0 0 0
10 0 0 0 0 9 0 0 0 0 0 0
0 0 0 0 0 0 0 0 0 0 0 0
0 0 11 0 0 0 0 0 0 0 7 0
0 0 0 0 0 0 0 0 0 0 0 0
0 0 0 0 0 0 0 12 0 0 0 0
6 0 0 0 3 0 0 0 0 0 0 0
0 0 0 0 0 0 0 0 0 0 0 0
0 0 1 0 0 0 0 0 0 0 4 0
0 0 0 0 0 0 0 0 0 0 0 0
0 0 0 0 0 0 0 0 0 0 0 0
12 3 4
0 0 0 11 0 0 3 0 0 4 0 0
0 0 0 0 0 0 0 0 0 0 0 0
0 0 0 8 0 0 0 0 0 0 0 0
0 0 5 0 0 0 0 0 0 0 0 0
0 0 0 0 0 0 0 0 0 0 0 0
12 0 0 0 0 0 0 0 0 0 0 0
0 1 0 0 0 0 0 0 0 0 0 0
0 0 0 0 0 0 0 0 0 0 0 5
0 0 0 0 0 0 0 0 0 0 0 0
6 0 0 0 0 0 0 0 0 0 0 0
0 0 0 0 0 0 0 0 0 11 0 0
0 0 0 0 0 0 0 0 0 0 0 1
12 3 4
0 0 0 0 0 0 0 0 0 0 0 0
0 0 0 0 0 10 0 0 0 0 0 0
0 0 7 0 0 0 0 0 0 0 10 0
0 0 0 0 0 0 0 0 0 0 0 0
0 0 0 0 0 0 0 0 0 0 0 0
0 0 10 0 0 0 0 0 0 11 3 0
0 0 0 0 0 0 0 0 0 0 0 0
0 0 0 0 0 6 0 0 0 0 0 7
0 0 0 0 0 0 0 0 0 0 0 0
0 0 0 0 12 0 0 0 0 0 0 0
0 0 0 0 0 0 0 0 0 3 0 0
0 0 0 0 0 0 0 1 0 0 0 0
12 3 4
0 0 0 0 0 0 0 0 0 0 0 0
0 0 5 0 0 0 0 0 0 0 0 0
4 0 0 0 0 0 0 0 0 0 0 0
0 0 0 0 0 0 0 0 0 0 0 0
0 7 0 0 0 0 0 0 12 0 0 0
0 9 0 0 0 0 0 0 0 0 0 0
8 0 0 0 0 0 0 0 0 0 0 0
0 0 0 0 0 0 0 4 0 0 0 0
0 0 0 0 0 0 0 1 0 0 0 4
0 0 0 0 0 0 0 0 0 0 0 11
0 0 0 0 0 0 0 0 0 0 0 0
0 0 0 0 0 0 0 0 0 0 2 0
12 3 4
6 0 0 5 0 0 0 0 0 0 0 7
0 0 0 0 0 0 0 0 0 0 0 0
0 0 0 0 0 0 0 0 0 0 0 0
0 0 0 0 0 0 0 0 0 0 0 0
0 0 0 0 0 0 0 0 12 0 0 0
0 0 0 0 0 0 0 0 0 5 0 0
0 0 0 0 0 0 11 12 0 0 0 0
0 0 0 0 0 0 0 0 0 0 0 0
0 4 0 0 0 0 0 0 0 0 0 0
5 0 0 0 0 0 0 0 0 0 0 0
0 0 0 0 0 0 0 0 0 0 0 0
10 12 0 0 0 0 0 0 0 0 0 0
12 3 4
0 0 0 0 0 1 10 0 0 0 0 0
0 0 0 0 0 0 0 0 0 0 0 0
0 0 3 0 0 0 0 0 0 0 0 0
0 0 0 7 0 0 0 0 0 0 0 0
0 0 0 0 0 0 0 8 0 0 5 0
0 1 0 0 0 0 0 0 0 0 3 0
11 0 0 0 0 0 0 0 0 0 0 0
0 0 7 0 0 0 0 0 0 4 0 0
0 0 0 0 0 0 0 0 0 0 0 0
0 0 0 0 0 0 0 0 0 0 0 0
0 0 0 0 0 0 0 0 0 0 0 0
0 0 0 0 0 0 0 0 0 0 0 0
12 3 4
0 0 0 0 0 0 1 0 0 0 0 7
0 0 0 0 0 0 0 0 10 0 0 0
0 0 0 0 0 0 0 0 0 0 0 0
0 0 0 0 0 0 0 0 0 0 0 0
0 0 0 0 0 0 0 0 0 7 0 0
0 0 0 0 12 0 0 0 8 0 0 0
0 0 0 0 0 0 0 0 0 0 0 0
0 5 0 0 0 0 0 0 0 0 0 0
0 0 0 0 0 0 0 0 0 0 0 0
0 0 0 0 0 0 0 0 0 5 0 0
0 0 0 0 0 0 0 0 0 0 0 10
0 0 0 0 9 0 0 10 0 0 0 0
12 3 4
0 0 0 0 0 0 0 0 0 0 0 0
0 0 0 2 0 0 0 0 0 9 0 0
12 0 0 0 0 7 0 0 0 0 0 0
0 0 0 0 0 0 0 0 0 0 0 0
5 0 0 0 0 0 0 0 11 1 0 0
11 0 0 0 0 0 0 0 0 2 0 0
0 0 0 0 0 0 0 0 0 10 0 0
0 0 0 0 0 0 0 0 0 0 0 0
0 0 0 0 0 0 0 0 0 0 0 0
0 0 8 0 0 0 0 0 0 0 0 0
0 0 0 0 0 0 0 0 0 0 0 0
0 0 0 0 0 0 0 0 0 0 0 0
12 3 4
0 0 0 0 0 0 0 0 0 0 0 0
0 0 0 0 0 0 0 0 0 0 0 0
0 1 0 0 0 0 0 0 0 0 0 0
0 0 0 0 0 0 0 0 0 0 0 0
0 5 0 0 0 0 0 11 0 0 0 0
0 0 0 0 0 0 0 0 0 0 0 0
0 0 0 3 0 0 0 0 0 0 0 0
0 0 0 0 0 0 0 0 0 0 0 0
4 0 6 1 0 0 0 0 0 0 0 10
0 0 0 0 0 0 0 0 0 0 0 0
7 2 0 0 1 0 0 0 0 0 0 0
0 0 0 0 0 0 0 0 0 0 0 0
12 3 4
0 0 0 0 0 0 0 0 0 0 0 0
0 0 0 0 0 11 0 0 0 0 0 0
0 0 0 0 0 0 0 0 0 0 0 0
3 0 5 0 0 0 0 0 0 0 0 0
0 0 0 0 0 0 0 0 0 0 0 0
0 0 0 0 0 0 11 0 0 0 0 0
0 0 11 0 0 0 0 8 0 0 0 0
0 0 0 0 0 2 0 0 0 0 0 0
0 0 0 0 0 0 0 0 0 11 0 6
4 0 0 0 3 0 0 0 0 0 0 0
0 0 0 0 0 0 0 0 0 0 0 0
0 0 0 0 0 0 0 0 0 0 0 0
12 3 4
0 0 0 11 0 0 0 0 0 0 0 0
0 0 0 0 0 3 0 0 0 0 0 0
0 8 10 0 0 0 2 0 0 0 0 0
0 0 0 0 0 0 11 0 0 0 0 0
0 6 0 0 0 10 0 0 0 0 0 0
0 0 0 0 0 0 0 0 0 0 0 0
0 0 9 0 0 0 0 0 0 0 0 0
0 0 0 0 0 0 0 0 0 0 0 0
0 0 0 0 2 0 0 0 0 0 0 0
0 0 0 0 0 0 0 0 0 0 0 0
0 0 0 0 0 0 0 0 0 0 0 0
0 0 0 0 0 0 0 0 0 0 9 0
12 3 4
0 0 0 0 0 0 0 12 0 0 0 0
0 0 0 0 0 0 0 3 0 0 0 0
2 0 9 0 0 0 0 0 0 0 0 0
0 0 0 0 0 3 0 0 0 0 0 0
0 0 0 0 0 0 0 0 0 0 0 0
0 0 0 0 0 0 0 0 0 0 0 0
0 0 0 0 0 2 0 0 0 0 4 0
11 0 0 0 0 0 0 0 0 0 0 7
0 0 0 0 0 0 0 0 0 0 0 10
0 0 0 0 0 0 0 0 0 0 0 0
0 0 0 0 0 0 0 0 0 0 0 0
0 0 0 0 0 6 0 0 0 0 0 0
12 3 4
0 0 0 0 0 0 0 0 0 0 0 12
0 0 0 0 0 0 0 0 6 0 0 0
0 0 0 0 0 0 0 0 0 9 0 0
10 0 0 0 0 0 0 0 0 0 0 0
0 8 0 0 0 0 0 0 0 0 0 0
0 0 0 0 4 0 0 0 0 0 0 0
0 0 0 0 8 0 0 0 0 0 0 0
0 0 0 0 0 0 0 0 0 0 9 0
0 0 0 0 0 0 0 0 0 1 0 0
0 0 0 0 0 0 0 7 0 11 0 0
0 0 0 0 0 0 0 0 0 0 0 0
0 0 0 0 0 0 0 0 0 0 0 0
12 3 4
0 0 0 0 0 0 0 0 0 0 0 0
0 0 0 0 0 0 0 0 0 0 0 0
0 0 0 0 0 0 8 0 0 0 0 0
2 0 0 0 0 0 0 0 0 0 0 0
0 0 0 0 0 0 0 0 0 0 0 0
0 0 0 0 0 7 0 0 0 0 0 0
0 0 8 0 0 0 9 0 0 6 0 0
0 0 0 0 0 0 0 0 0 0 0 9
0 0 0 0 0 0 0 0 0 0 0 0
0 0 0 0 0 0 0 0 0 0 0 0
0 0 10 0 1 0 4 0 0 0 0 0
0 0 0 0 0 0 0 0 0 2 0 0
12 3 4
0 0 0 0 0 0 0 3 0 0 0 0
0 0 10 0 4 0 0 0 0 0 0 0
0 0 0 0 0 0 0 0 0 0 0 6
0 0 0 0 0 0 0 0 0 0 0 0
0 0 0 0 0 0 0 0 0 0 0 9
0 0 0 0 0 0 0 0 0 0 11 0
0 0 0 0 0 0 0 0 0 0 0 7
4 0 0 0 0 0 0 0 0 0 0 0
0 0 0 0 0 0 0 0 0 0 0 0
12 0 0 0 0 0 0 0 0 0 0 0
11 0 0 0 0 0 0 0 0 0 0 0
0 0 0 0 0 2 0 0 0 0 0 0
12 3 4
0 0 0 0 0 0 0 0 0 0 0 0
0 0 0 0 0 0 0 0 0 0 0 0
0 0 0 0 0 0 0 0 8 0 0 0
0 0 0 7 0 0 0 4 0 0 0 0
0 0 0 0 0 0 0 0 5 0 11 0
0 0 0 0 0 0 0 0 0 0 0 0
0 0 0 0 0 9 0 0 0 2 0 0
0 0 0 0 0 0 0 0 0 0 0 0
0 0 0 0 0 6 0 0 0 0 0 0
0 0 0 0 0 0 0 0 0 0 0 0
0 0 3 0 0 0 0 0 0 11 0 0
0 0 0 0 0 4 0 0 0 0 0 0
12 3 4
0 0 0 11 0 0 0 0 0 0 0 0
0 0 0 0 0 0 0 0 0 0 0 7
7 0 6 0 0 0 0 0 0 0 0 0
9 0 0 0 0 0 0 0 0 0 0 0
0 0 0 0 0 0 0 0 0 0 2 0
0 0 0 0 0 0 9 0 0 0 0 11
0 0 0 0 2 0 0 0 0 0 0 0
0 0 0 0 0 0 0 0 6 0 0 0
0 0 0 0 0 0 0 0 0 0 0 0
0 0 0 0 0 0 0 0 0 0 0 0
0 0 0 0 0 0 0 0 0 0 0 0
0 0 0 0 0 0 0 0 0 0 5 0
12 3 4
0 0 0 0 8 0 0 0 12 0 0 0
0 0 0 6 0 0 0 0 0 0 0 0
0 0 0 0 0 0 0 5 0 0 0 0
0 0 0 0 0 0 0 1 0 0 0 0
0 0 0 0 0 0 0 0 0 0 0 0
0 0 0 0 0 0 0 0 0 0 0 0
0 0 0 0 0 0 0 7 0 0 0 0
0 0 0 0 0 0 0 0 0 0 0 0
0 0 0 0 6 0 0 0 0 7 0 0
0 0 0 0 0 0 0 0 3 0 0 0
0 0 5 0 0 0 0 0 0 0 0 0
0 0 0 0 0 0 0 0 2 0 0 0
12 3 4
0 0 0 3 0 0 12 0 0 0 0 0
0 8 0 0 0 0 0 0 0 0 0 0
0 0 0 0 0 0 0 0 0 0 11 0
0 0 0 0 0 0 0 0 0 0 5 0
0 0 0 0 0 0 0 0 0 0 0 0
0 1 0 0 0 0 0 0 0 0 0 0
0 0 8 0 0 0 0 0 0 0 0 0
0 0 0 0 0 0 0 0 0 0 0 0
0 0 0 0 10 0 0 0 0 0 0 0
0 0 0 0 0 0 0 0 0 0 0 0
0 0 0 6 0 7 0 0 0 0 0 0
0 0 0 9 0 0 0 0 0 0 0 0
12 3 4
5 0 0 0 0 0 0 0 0 0 0 0
0 0 0 0 0 0 0 0 0 0 0 0
0 0 0 0 0 0 0 0 0 0 0 0
0 0 0 0 0 0 10 0 0 0 1 0
0 0 0 0 0 0 0 0 0 0 0 0
0 0 0 0 0 0 7 0 0 5 0 0
0 0 0 0 0 0 0 0 0 0 0 0
0 0 0 0 0 0 0 0 0 0 0 0
0 0 0 0 0 0 0 0 0 0 0 0
0 0 1 0 0 0 0 9 0 0 0 0
0 2 0 0 0 0 3 0 7 0 0 0
0 0 0 0 0 0 0 0 4 0 0 0
12 3 4
0 0 0 0 0 0 0 0 0 0 0 0
0 0 0 0 0 0 0 0 0 0 0 0
0 0 12 0 0 0 0 0 0 0 0 0
0 0 0 0 0 0 0 0 0 0 0 0
0 0 0 0 0 0 0 0 0 0 0 0
10 0 9 0 0 0 0 0 0 0 6 0
0 0 0 0 0 0 0 0 0 0 0 0
0 0 0 0 5 0 11 0 0 0 0 0
0 0 5 0 7 0 0 0 0 3 0 0
0 0 0 0 0 0 0 0 0 0 9 0
0 0 0 0 0 0 0 0 0 8 0 0
0 0 0 0 0 0 0 0 0 0 0 0
12 3 4
0 0 0 0 0 0 0 0 0 0 0 0
0 0 0 0 0 0 0 0 0 0 0 0
0 0 0 3 8 0 0 0 0 0 0 0
0 0 0 0 0 0 0 0 0 0 0 11
0 0 0 1 0 0 0 0 0 0 0 0
6 0 0 0 0 0 0 0 0 0 0 0
0 0 10 0 0 0 0 0 0 0 0 0
0 0 0 0 0 0 0 0 0 0 4 0
0 0 0 0 0 0 0 0 0 0 0 0
0 0 0 11 0 0 0 0 0 0 0 0
0 4 0 0 0 0 0 0 0 5 0 6
0 0 0 0 0 0 0 0 0 0 0 0
12 3 4
0 0 0 0 0 0 0 0 0 0 0 0
0 0 0 8 0 0 1 0 0 0 6 0
0 0 0 0 0 0 0 0 0 0 0 0
0 6 0 0 0 0 0 3 7 0 0 0
0 0 0 0 0 0 0 0 0 0 0 0
0 0 0 0 0 0 0 0 0 0 0 0
0 0 0 0 8 0 0 0 0 0 0 0
0 12 0 0 0 0 0 0 8 0 0 0
0 0 0 0 0 0 0 0 0 0 4 0
0 0 0 0 0 0 0 0 0 0 0 0
0 0 0 0 0 0 0 0 0 0 0 0
0 0 10 0 0 0 0 0 0 0 0 0
12 3 4
0 5 0 0 8 0 0 0 0 0 0 0
0 0 0 9 0 0 0 0 0 0 0 0
0 0 0 0 0 0 5 0 9 0 0 0
0 0 0 5 0 0 0 0 0 0 0 0
0 0 0 0 0 0 0 0 0 0 0 0
0 0 0 0 0 0 0 0 0 0 0 0
0 1 0 0 0 0 0 0 0 0 0 0
0 0 0 0 0 0 4 0 0 0 5 0
0 0 0 0 0 0 0 0 0 0 0 0
0 0 0 0 0 12 0 0 0 0 0 0
0 0 0 0 0 0 0 0 0 0 0 0
0 0 0 0 0 0 0 0 0 10 0 0
12 3 4
0 0 12 0 0 0 0 0 0 0 0 0
0 11 2 0 0 0 0 0 1 7 0 0
0 0 0 0 0 0 0 0 0 0 0 0
0 0 0 0 8 0 0 0 0 0 0 0
0 10 0 0 0 0 0 0 0 0 0 0
0 0 0 0 0 0 0 0 0 0 0 0
0 0 0 0 0 0 0 0 0 0 0 0
10 0 0 0 0 7 0 0 0 0 0 0
0 0 0 0 0 0 0 0 0 0 0 8
0 0 0 0 0 0 0 0 0 0 0 0
0 0 0 0 0 0 0 0 0 0 0 0
0 0 0 0 0 0 0 12 0 0 0 0
12 3 4
0 0 0 0 0 6 0 0 0 0 0 0
0 0 0 0 0 0 0 0 2 0 0 0
0 0 0 0 0 0 0 0 7 0 0 0
4 0 0 0 0 0 0 0 11 6 0 0
0 0 0 0 0 0 0 0 0 0 0 0
0 5 0 0 0 0 0 0 0 0 0 0
0 0 0 0 11 0 0 0 0 5 0 0
0 0 0 0 0 0 0 0 0 0 0 0
0 0 0 0 0 0 0 0 0 0 0 0
0 0 0 0 0 0 0 0 0 0 1 0
0 0 0 0 0 0 2 0 0 0 0 0
0 0 0 0 0 0 0 0 0 0 0 0
12 3 4
0 0 0 0 0 0 0 0 0 0 0 10
10 0 0 0 0 0 0 0 5 0 0 0
0 0 0 0 0 0 0 7 0 0 0 0
0 0 1 0 0 0 7 0 0 0 0 0
0 0 0 0 0 0 0 0 0 0 0 3
0 0 0 0 0 0 0 0 0 0 0 0
0 0 0 11 0 0 0 0 0 0 0 0
0 0 0 0 0 0 11 1 0 0 0 0
0 0 0 0 10 0 0 0 0 0 0 0
0 0 0 0 0 0 0 0 0 0 0 0
0 0 0 0 0 0 0 0 0 0 0 0
0 0 0 0 0 0 0 0 0 0 0 0
12 3 4
0 0 0 0 0 0 0 0 0 0 0 0
0 0 0 0 0 0 0 0 0 0 0 0
0 7 0 0 0 0 0 0 0 0 8 0
0 0 0 0 11 0 0 0 0 0 4 0
0 0 0 9 0 0 0 0 0 0 0 0
1 0 0 0 0 8 0 0 0 0 0 0
0 0 0 0 0 0 0 0 0 0 0 0
0 0 0 0 0 0 0 0 0 0 2 0
0 0 0 0 0 0 0 0 0 0 0 0
0 0 0 1 0 5 0 0 0 0 0 0
0 0 0 0 0 0 0 0 0 0 0 0
0 0 0 0 0 0 0 0 0 0 0 5
12 3 4
0 0 0 0 0 0 0 9 0 0 0 0
0 0 0 0 0 0 0 0 0 0 0 0
0 0 0 6 11 0 0 0 3 0 0 0
5 0 0 0 0 0 0 0 0 0 0 0
0 3 0 0 0 0 0 0 0 0 0 7
0 0 0 0 0 0 12 0 0 0 0 0
0 0 0 0 0 0 0 0 0 0 0 0
0 0 0 0 0 0 0 0 0 11 0 0
0 0 0 0 0 0 0 0 8 0 0 0
0 0 0 0 0 0 0 0 0 0 0 0
0 0 0 0 0 0 0 0 5 0 0 0
0 0 0 0 0 0 0 0 0 0 0 0
12 3 4
6 0 0 0 0 0 0 0 0 11 0 0
0 0 0 0 0 2 0 0 0 0 0 0
0 0 0 0 0 0 0 0 0 0 0 0
10 0 0 0 0 0 5 0 0 0 0 0
4 0 0 0 0 0 0 0 0 0 0 0
0 7 0 0 0 0 0 0 0 0 0 0
0 0 0 0 0 0 0 0 0 0 6 0
0 2 0 0 0 0 0 0 0 0 0 0
0 0 0 0 0 4 0 0 0 0 0 0
0 0 0 0 0 0 0 0 0 0 0 0
0 0 0 0 0 0 0 0 9 0 0 0
0 0 0 0 0 0 0 0 0 0 0 0
12 3 4
0 0 0 0 0 0 0 4 0 0 0 0
0 0 0 0 10 0 0 0 0 0 0 0
0 3 0 0 0 0 0 0 0 0 0 0
0 0 0 0 0 0 0 0 0 0 0 0
0 0 0 0 0 0 0 0 3 0 0 0
0 0 0 0 0 0 0 0 0 0 0 0
9 0 12 0 7 0 0 0 0 0 0 0
0 0 0 0 0 0 0 0 0 0 5 0
0 0 0 0 0 0 0 0 0 0 0 0
0 0 0 0 0 0 0 0 0 0 7 0
10 0 0 0 3 0 0 0 0 0 0 0
0 0 0 0 0 0 0 0 0 0 0 0
12 3 4
0 0 0 0 0 0 0 0 0 0 0 0
0 0 0 0 0 0 0 0 11 0 0 3
0 0 0 0 0 0 0 0 0 0 0 0
0 4 0 2 0 0 0 0 0 0 0 0
0 1 0 0 0 0 0 0 0 0 0 0
7 0 0 0 0 0 0 0 0 0 0 0
0 0 0 0 0 0 0 0 0 9 0 0
0 0 0 0 0 0 0 0 4 0 0 0
0 0 0 0 0 0 0 0 0 0 0 0
0 0 0 0 0 0 0 6 0 0 0 0
0 0 0 0 2 0 0 0 10 0 0 0
0 0 0 0 0 0 0 0 0 0 0 0
12 3 4
0 0 0 0 6 0 0 0 0 0 0 8
0 0 10 0 0 0 0 0 0 0 0 0
0 0 0 0 0 0 0 0 0 0 12 7
0 0 6 0 0 0 0 0 0 0 0 0
0 0 0 0 0 0 0 0 0 0 0 0
0 0 0 0 0 0 0 0 0 0 0 0
0 0 0 8 9 0 0 0 0 0 0 0
0 0 0 0 0 0 0 0 0 0 0 0
0 0 0 2 0 0 0 0 0 0 0 0
8 0 0 0 0 0 0 0 0 0 0 0
0 0 7 0 0 0 0 0 0 0 0 0
0 0 0 0 0 0 0 0 0 0 0 0
12 3 4
0 0 0 0 0 0 0 0 0 0 0 7
0 0 0 8 0 0 0 0 0 0 0 0
3 0 0 0 0 0 0 0 0 0 0 0
0 9 0 0 0 0 0 0 0 0 0 0
0 0 0 0 0 0 0 0 0 0 0 0
0 0 0 0 0 0 0 0 9 0 0 0
0 0 0 0 0 0 0 0 0 0 0 0
0 0 0 0 0 0 0 0 8 0 0 0
0 0 0 0 0 0 0 0 0 0 0 0
0 0 0 12 0 0 0 0 0 0 0 0
0 0 0 0 7 0 0 0 4 0 0 1
0 0 0 0 0 0 0 10 0 0 0 0
12 3 4
0 0 0 0 0 0 6 0 0 0 0 0
0 0 0 0 0 0 0 0 0 10 0 0
0 0 0 0 0 0 0 0 12 0 0 0
0 0 0 0 0 0 3 0 0 0 0 0
0 0 0 0 0 0 7 0 0 0 0 0
0 0 0 0 0 0 0 0 0 0 0 0
0 0 0 0 0 0 0 0 0 0 0 0
12 0 0 0 0 0 0 0 0 0 0 0
0 0 0 0 0 0 0 0 0 11 0 0
0 0 0 0 0 0 0 0 0 0 0 5
3 0 9 0 0 0 0 0 0 0 0 0
0 0 0 0 0 0 0 0 0 0 6 0
12 3 4
0 0 0 0 0 0 0 0 0 0 0 0
3 0 0 0 0 0 0 0 0 0 0 0
0 0 0 0 0 0 0 0 6 3 0 0
0 0 0 0 0 0 0 0 0 0 0 0
0 0 0 0 0 0 0 0 0 0 0 0
0 0 5 0 0 0 0 0 0 0 0 0
0 3 0 0 0 0 0 0 0 0 0 0
0 0 12 0 0 0 0 0 0 0 0 0
0 0 0 0 0 0 0 0 0 0 0 0
0 0 0 0 0 0 0 0 0 0 0 0
0 0 0 0 0 0 0 0 11 2 0 0
0 0 0 9 0 0 0 7 0 0 3 0
12 3 4
0 0 0 0 5 0 0 0 0 0 0 0
0 0 0 0 0 0 0 0 0 0 0 0
0 0 0 0 0 0 0 0 0 0 0 0
0 0 4 0 0 0 0 0 0 0 0 0
0 0 0 0 0 0 0 0 0 0 0 0
0 0 0 0 0 0 9 0 0 0 0 0
0 0 0 0 0 0 0 0 0 0 0 0
0 0 5 0 2 0 0 0 0 0 0 0
0 0 0 0 0 0 0 0 0 6 0 0
0 0 6 1 0 0 0 0 0 0 0 0
0 0 0 5 0 0 6 0 0 0 1 0
0 0 0 0 0 0 0 0 0 0 0 0
12 3 4
0 0 0 0 0 0 0 0 0 0 0 0
9 0 0 0 8 0 0 2 0 0 0 3
0 0 0 0 0 0 0 7 0 0 0 0
0 0 0 0 0 0 0 0 0 0 0 9
0 0 0 0 0 0 0 0 0 0 0 12
0 0 0 0 0 0 0 0 0 0 0 0
0 0 0 0 0 0 0 0 0 1 0 0
0 0 0 0 0 0 0 0 0 0 0 0
0 0 0 0 0 0 0 0 0 0 0 0
0 0 0 0 0 6 0 0 0 0 0 0
0 0 10 0 0 0 0 0 0 0 0 0
0 0 0 0 0 0 0 10 0 0 0 0
12 3 4
0 7 0 0 0 0 0 0 0 0 0 0
0 0 0 0 11 2 0 0 0 0 0 0
0 0 0 0 0 0 5 0 0 10 0 0
0 9 0 0 0 0 0 0 7 0 0 0
0 0 0 0 7 0 0 0 0 0 0 0
0 0 0 0 0 0 0 0 0 0 0 0
6 0 0 0 0 0 0 0 0 0 0 0
8 0 0 0 0 0 0 0 0 0 0 0
0 0 0 0 0 0 0 0 0 0 0 0
0 0 0 0 0 0 0 12 0 0 0 0
0 0 0 0 0 0 0 0 0 0 0 0
0 0 0 0 0 0 0 0 0 0 0 0
12 3 4
0 0 0 0 0 0 0 6 0 0 0 0
0 0 0 0 0 0 0 0 0 0 0 0
0 0 10 0 0 0 0 0 0 0 0 0
0 0 6 0 2 0 0 0 0 0 0 0
0 0 0 0 5 0 0 0 0 0 0 12
0 0 0 0 0 8 0 0 0 0 0 0
0 0 5 0 0 0 0 0 0 0 0 0
0 0 0 0 0 0 0 0 0 0 0 0
0 0 0 0 0 7 0 0 0 0 0 0
0 0 0 0 0 0 10 0 0 0 0 0
0 0 0 3 0 0 0 0 0 0 0 0
0 0 0 0 0 0 0 0 0 0 0 0
12 3 4
0 0 0 0 0 0 4 0 0 0 0 0
0 0 0 0 0 0 0 0 0 0 0 0
0 0 0 0 0 0 0 11 0 0 0 0
0 0 0 0 0 0 0 0 0 0 0 0
8 0 0 0 0 0 0 0 4 0 0 0
0 0 0 0 0 0 5 0 0 0 0 0
0 3 0 0 10 0 0 0 0 0 0 0
1 0 0 0 0 0 0 0 0 0 0 0
0 8 0 0 0 0 0 0 0 0 0 0
0 9 0 0 0 0 0 0 0 0 0 0
0 0 0 0 0 0 0 0 0 0 0 0
0 0 0 0 0 0 0 0 6 0 0 0
12 3 4
5 0 0 0 0 0 0 0 0 0 0 0
3 0 0 4 0 0 0 0 0 0 0 0
0 0 6 0 0 0 0 0 0 0 0 0
0 0 0 0 0 0 0 0 0 0 0 0
0 0 0 1 0 0 0 0 0 0 0 0
0 0 0 0 0 0 0 0 0 0 0 0
0 0 0 0 0 0 1 0 0 0 0 0
0 0 0 0 0 0 0 11 0 0 0 0
0 0 0 0 0 0 0 0 0 0 0 0
0 0 4 0 0 0 0 0 0 0 0 0
0 0 0 0 0 0 0 0 0 0 0 7
0 5 0 0 0 0 0 0 0 0 0 12
12 3 4
0 0 0 0 0 0 7 0 0 0 0 0
0 0 0 0 0 0 0 0 7 0 1 0
0 0 0 0 0 0 0 0 0 0 0 0
0 0 0 0 0 0 0 0 0 0 0 0
0 0 10 0 0 0 0 0 0 0 0 0
0 0 0 0 0 0 0 0 0 0 0 2
10 0 0 0 0 0 0 0 0 1 0 0
5 0 0 0 0 0 0 0 0 0 0 0
0 0 0 0 0 3 0 0 0 0 0 0
0 0 0 0 0 0 0 0 0 0 0 0
0 0 3 0 0 0 0 0 0 0 0 5
0 0 0 0 0 0 0 0 0 0 0 0
12 3 4
0 0 0 0 0 0 0 0 0 0 0 0
0 10 0 0 0 0 0 0 0 11 0 0
0 0 0 0 0 0 0 0 0 0 0 0
0 0 0 0 0 0 0 0 0 0 0 0
0 0 0 0 0 0 0 0 0 2 0 0
0 0 0 0 0 0 0 0 0 0 0 0
0 0 0 0 0 0 8 0 0 0 12 0
0 0 0 0 0 0 0 0 0 0 0 0
0 0 2 8 0 0 6 4 0 0 0 0
0 0 0 0 0 0 0 0 9 0 0 0
0 0 0 0 0 0 0 0 0 0 0 0
0 0 0 0 7 0 0 0 0 0 0 0
12 3 4
0 0 0 0 0 0 0 0 0 0 0 0
0 4 0 0 0 0 0 0 0 0 0 0
0 0 0 0 0 0 0 0 0 0 7 0
0 0 0 0 0 0 0 0 0 0 0 0
0 0 0 0 0 0 0 0 0 0 0 0
0 0 10 0 0 0 0 0 0 0 0 8
0 0 0 0 0 0 0 7 0 0 1 0
0 0 0 3 0 0 0 0 0 0 0 0
0 0 0 0 0 0 0 0 0 0 0 0
0 0 0 0 0 0 0 2 0 0 0 0
0 0 0 0 5 0 0 0 0 0 0 0
4 0 0 0 0 7 0 0 0 0 0 0
12 3 4
0 8 0 0 0 0 0 0 0 0 0 9
0 0 0 0 0 0 0 0 0 0 0 0
0 0 0 0 0 0 0 0 0 0 0 0
0 0 10 0 0 0 0 0 0 0 0 6
0 0 0 3 0 0 0 0 0 0 0 0
0 0 0 0 0 6 0 0 0 0 0 0
0 0 0 0 0 0 0 0 0 0 0 0
0 0 0 0 0 0 0 0 0 0 0 0
0 0 0 0 0 0 0 0 0 0 0 0
0 0 0 0 0 0 0 0 0 0 1 0
0 0 0 0 9 0 0 0 0 0 0 4
7 2 0 0 0 0 0 0 0 0 0 0
12 3 4
0 7 0 0 8 0 0 6 0 0 0 0
0 0 0 0 0 0 0 0 0 0 0 0
0 6 0 0 0 0 0 0 0 0 0 0
0 0 0 4 0 0 1 0 0 0 0 0
0 0 0 0 0 0 0 0 0 0 0 0
0 0 0 0 6 0 0 0 0 0 0 0
0 0 0 0 0 0 0 0 0 0 0 0
0 0 0 0 0 0 0 0 0 0 0 0
0 0 0 0 0 8 0 0 0 0 0 0
0 0 0 0 0 0 0 0 0 0 0 0
0 0 0 0 0 2 0 0 0 0 0 0
6 0 0 1 0 0 0 0 0 0 0 0
12 3 4
0 0 0 0 0 0 0 0 0 0 0 0
0 0 0 0 0 0 0 0 0 0 0 0
0 0 0 0 0 10 0 0 0 0 0 0
12 0 0 0 0 0 0 0 0 0 0 0
0 0 0 0 0 0 0 5 0 0 0 0
0 0 0 0 0 0 0 0 0 0 0 0
0 0 0 0 0 0 9 0 0 0 0 0
0 0 0 10 0 1 0 0 0 0 0 0
0 0 0 0 0 0 0 0 0 0 0 0
5 0 0 0 9 0 0 0 0 6 0 0
0 0 11 6 0 0 0 0 0 0 0 0
0 0 0 0 0 0 0 0 0 0 0 0
12 3 4
0 0 0 0 0 0 12 0 0 0 0 0
0 0 0 0 0 0 0 0 0 0 0 0
0 0 0 0 0 4 0 0 0 0 0 0
0 0 0 0 0 0 0 0 0 0 0 0
0 0 0 0 0 0 0 0 0 11 0 9
5 0 0 0 0 0 0 0 0 0 0 0
0 0 0 0 0 0 0 0 0 0 0 0
0 0 1 0 0 10 0 5 9 0 0 0
0 0 0 0 0 0 0 0 0 0 0 0
0 0 0 0 0 0 8 0 0 0 0 0
0 0 0 0 0 0 0 0 0 0 0 0
0 0 0 0 2 0 0 0 0 0 0 0
12 3 4
9 0 0 0 0 0 0 0 0 0 0 0
0 0 0 0 0 0 0 0 0 0 0 0
0 0 0 0 0 0 0 0 0 0 9 0
0 0 6 0 0 0 0 0 0 0 10 0
0 0 0 0 0 0 0 0 0 0 0 0
0 0 0 0 0 0 12 0 0 0 0 0
0 0 0 0 0 0 0 0 9 0 0 0
0 0 0 0 0 0 0 0 0 0 0 0
0 0 0 0 0 0 0 10 0 0 7 0
0 0 0 0 0 0 0 0 0 0 0 0
0 0 0 0 0 0 5 0 0 0 0 0
0 0 0 0 0 0 0 9 0 0 2 0
12 3 4
0 1 0 0 0 0 0 0 0 0 0 0
0 12 0 0 0 0 0 0 0 0 0 0
0 0 10 0 0 0 0 0 0 0 3 0
0 0 0 0 0 0 0 0 0 0 0 0
0 0 0 0 0 0 0 0 0 0 0 0
0 0 0 0 0 0 0 0 0 0 0 0
0 0 0 0 0 0 0 0 0 0 0 0
0 0 0 0 7 0 9 0 0 0 0 0
0 0 0 0 0 2 0 11 0 0 1 0
0 0 7 0 0 0 0 0 0 0 0 0
0 0 0 0 0 0 0 0 0 5 0 0
0 0 0 0 0 0 0 0 0 0 0 0
12 3 4
0 0 0 0 0 0 0 0 0 0 0 0
0 0 0 0 0 0 0 0 0 0 8 0
0 0 0 0 0 0 0 2 10 0 0 0
0 0 0 0 0 0 0 0 0 0 0 0
0 0 0 0 0 0 0 0 7 0 0 0
0 0 0 0 0 0 0 0 0 0 0 0
0 0 0 0 0 0 0 0 0 0 0 0
0 0 0 0 0 0 0 0 0 0 2 0
0 0 0 0 0 0 0 0 0 4 0 0
0 0 0 12 0 0 0 0 0 6 0 0
0 0 0 0 0 0 0 0 0 0 0 0
0 0 6 0 0 0 0 0 0 2 0 9
12 3 4
0 0 0 0 0 0 0 0 11 0 0 9
0 0 0 0 0 10 0 5 0 0 0 0
0 0 0 0 0 7 0 0 0 0 0 0
0 0 0 0 0 0 0 11 0 0 0 0
0 0 0 5 0 0 0 0 0 0 0 0
0 0 0 0 0 0 0 0 0 11 0 3
0 0 0 0 0 0 0 0 0 0 0 0
0 0 0 0 0 12 0 0 0 0 0 0
0 3 0 0 0 0 0 0 0 0 0 0
0 0 0 0 0 0 0 0 0 0 0 0
0 0 0 0 0 0 0 0 0 0 0 0
0 0 0 0 0 0 0 0 0 0 0 0
12 3 4
0 0 0 2 0 0 0 0 0 0 0 0
0 0 0 0 0 0 0 0 0 0 0 0
0 0 0 0 0 6 0 0 0 0 0 0
0 0 0 0 0 8 0 0 0 0 0 0
0 0 0 0 0 0 3 0 0 0 0 0
0 0 0 0 0 0 0 0 0 0 0 0
0 0 0 0 8 0 0 0 0 0 0 0
0 0 0 0 0 0 0 0 0 0 0 10
0 0 0 0 0 0 0 0 0 0 3 0
3 0 0 0 0 0 11 0 0 0 0 0
0 0 0 0 3 0 0 0 0 0 2 0
0 0 0 0 0 0 0 0 0 0 0 0
12 3 4
0 0 0 0 0 2 0 0 0 0 0 0
0 0 0 0 10 0 0 0 0 0 0 0
0 7 0 0 0 0 0 0 0 0 0 10
0 0 0 0 0 0 0 0 0 0 4 0
0 0 0 0 0 0 12 0 0 0 0 0
0 0 0 0 0 0 0 0 0 0 0 7
0 0 0 0 0 0 0 0 0 0 0 0
10 0 0 0 0 0 0 0 0 0 0 0
0 0 0 0 0 12 0 0 0 0 0 0
0 0 0 0 0 0 0 0 0 0 3 0
0 0 0 0 0 0 0 0 0 0 0 9
0 0 0 0 0 0 0 0 0 0 0 0
12 3 4
0 0 0 0 0 0 0 0 0 0 0 1
0 7 0 0 0 0 0 0 0 0 0 0
2 0 0 0 0 0 0 0 0 0 0 0
0 0 0 0 0 0 0 0 0 0 0 0
0 0 0 0 0 0 0 0 0 0 0 0
0 0 0 0 7 0 0 0 0 8 0 0
0 10 0 0 0 0 0 0 0 4 7 0
0 0 0 0 0 0 0 0 0 0 0 0
0 0 0 0 0 0 0 0 0 0 0 0
0 0 0 0 0 0 0 0 0 0 11 0
0 0 0 0 0 0 0 0 0 0 0 0
0 1 0 0 0 12 0 0 0 0 0 0